ticker,dateTime,open,high,low,close,volume
CS5.MI,10/06/2010,154.89,154.89,154.89,154.89,64
CS5.MI,27/08/2010,154.5,154.5,154.5,154.5,64
CS5.MI,03/09/2010,158.11,158.11,158.11,158.11,50
CS5.MI,01/10/2010,160.4,160.4,160.4,160.4,63
CS5.MI,16/02/2011,162.8,162.8,162.8,162.8,30
CS5.MI,18/02/2011,162.72,162.72,162.72,162.72,0
CS5.MI,21/02/2011,162.39,162.39,162.39,162.39,0
CS5.MI,22/02/2011,162.13,162.13,162.13,162.13,0
CS5.MI,23/02/2011,161.44,161.44,161.44,161.44,0
CS5.MI,24/02/2011,159.91,159.91,159.91,159.91,0
CS5.MI,25/02/2011,161.49,161.49,161.49,161.49,0
CS5.MI,28/02/2011,161.99,161.99,161.99,161.99,0
CS5.MI,01/03/2011,162.1,162.1,162.1,162.1,0
CS5.MI,02/03/2011,161.08,161.08,161.08,161.08,0
CS5.MI,03/03/2011,160.99,160.99,160.99,160.99,0
CS5.MI,04/03/2011,159.61,159.61,159.61,159.61,0
CS5.MI,07/03/2011,159.27,159.27,159.27,159.27,0
CS5.MI,08/03/2011,159.77,159.77,159.77,159.77,0
CS5.MI,09/03/2011,160.27,160.27,160.27,160.27,0
CS5.MI,10/03/2011,159.78,159.78,159.78,159.78,0
CS5.MI,11/03/2011,158.97,158.97,158.97,158.97,0
CS5.MI,14/03/2011,156.77,156.77,156.77,156.77,0
CS5.MI,15/03/2011,152.78,152.78,152.78,152.78,0
CS5.MI,16/03/2011,152.19,152.19,152.19,152.19,0
CS5.MI,17/03/2011,153.55,153.55,153.55,153.55,0
CS5.MI,18/03/2011,153.29,153.29,153.29,153.29,0
CS5.MI,21/03/2011,155.38,155.38,155.38,155.38,0
CS5.MI,22/03/2011,154.63,154.63,154.63,154.63,0
CS5.MI,23/03/2011,155.76,155.76,155.76,155.76,0
CS5.MI,24/03/2011,157.09,157.09,157.09,157.09,0
CS5.MI,25/03/2011,157.89,157.89,157.89,157.89,0
CS5.MI,28/03/2011,157.82,157.82,157.82,157.82,0
CS5.MI,29/03/2011,158.02,158.02,158.02,158.02,0
CS5.MI,30/03/2011,159.87,159.87,159.87,159.87,0
CS5.MI,31/03/2011,159.52,159.52,159.52,159.52,0
CS5.MI,01/04/2011,160.18,160.18,160.18,160.18,0
CS5.MI,04/04/2011,160.18,160.18,160.18,160.18,0
CS5.MI,05/04/2011,161.35,161.35,161.35,161.35,0
CS5.MI,06/04/2011,161.06,161.06,161.06,161.06,0
CS5.MI,07/04/2011,161.38,161.38,160.59,160.59,62
CS5.MI,08/04/2011,160.41,160.41,160.41,160.41,0
CS5.MI,11/04/2011,160.35,160.35,160.35,160.35,0
CS5.MI,12/04/2011,159.35,159.35,159.35,159.35,0
CS5.MI,13/04/2011,161.25,161.25,161.25,161.25,0
CS5.MI,14/04/2011,161.97,161.97,161.97,161.97,0
CS5.MI,15/04/2011,163.93,163.93,163.93,163.93,0
CS5.MI,18/04/2011,162.26,162.26,162.26,162.26,0
CS5.MI,19/04/2011,163.57,163.57,163.57,163.57,0
CS5.MI,20/04/2011,164.37,164.37,164.37,164.37,0
CS5.MI,21/04/2011,165.13,165.13,165.13,165.13,0
CS5.MI,26/04/2011,165.93,165.93,165.93,165.93,0
CS5.MI,27/04/2011,165.93,165.93,165.93,165.93,0
CS5.MI,28/04/2011,164.92,165.34,164.92,165.34,29
CS5.MI,29/04/2011,166.1,166.1,166.1,166.1,0
CS5.MI,02/05/2011,167.2,167.2,166.68,166.68,2000
CS5.MI,03/05/2011,166.75,166.75,166.75,166.75,0
CS5.MI,04/05/2011,165.96,165.96,165.96,165.96,0
CS5.MI,05/05/2011,167,167,167,167,0
CS5.MI,06/05/2011,169.52,169.52,169.52,169.52,0
CS5.MI,09/05/2011,169.68,169.68,169.68,169.68,0
CS5.MI,10/05/2011,170.08,170.08,170.08,170.08,0
CS5.MI,11/05/2011,171.48,171.48,171.48,171.48,0
CS5.MI,12/05/2011,170.85,171.54,170.85,171.54,2600
CS5.MI,13/05/2011,172.22,172.22,172.22,172.22,0
CS5.MI,16/05/2011,171.87,171.87,171.87,171.87,0
CS5.MI,17/05/2011,171.16,171.16,171.16,171.16,0
CS5.MI,18/05/2011,171.16,171.16,171.16,171.16,0
CS5.MI,19/05/2011,171.93,171.93,171.93,171.93,0
CS5.MI,20/05/2011,172.79,172.79,172.79,172.79,0
CS5.MI,23/05/2011,172.05,172.05,172.05,172.05,0
CS5.MI,24/05/2011,171.58,171.58,171.58,171.58,0
CS5.MI,25/05/2011,172.21,172.21,172.21,172.21,0
CS5.MI,26/05/2011,172.22,172.22,172.22,172.22,0
CS5.MI,27/05/2011,172.93,172.93,172.93,172.93,0
CS5.MI,30/05/2011,172.66,172.66,172.66,172.66,0
CS5.MI,31/05/2011,173.26,173.26,173.26,173.26,0
CS5.MI,01/06/2011,173.16,173.16,173.16,173.16,0
CS5.MI,02/06/2011,171.16,171.16,171.16,171.16,0
CS5.MI,03/06/2011,170.48,170.48,170.48,170.48,0
CS5.MI,06/06/2011,170.37,170.37,170.37,170.37,0
CS5.MI,07/06/2011,169.73,169.73,169.73,169.73,0
CS5.MI,08/06/2011,168.68,168.68,168.68,168.68,0
CS5.MI,09/06/2011,169.47,169.47,169.47,169.47,0
CS5.MI,10/06/2011,168.43,168.43,168.43,168.43,0
CS5.MI,13/06/2011,168.52,168.52,168.52,168.52,0
CS5.MI,14/06/2011,168.09,168.09,168.09,168.09,0
CS5.MI,15/06/2011,167.43,167.43,167.43,167.43,0
CS5.MI,16/06/2011,166.94,166.94,166.94,166.94,0
CS5.MI,17/06/2011,166.88,166.88,166.88,166.88,0
CS5.MI,20/06/2011,167.45,167.45,167.45,167.45,0
CS5.MI,21/06/2011,166.92,166.92,166.92,166.92,0
CS5.MI,22/06/2011,166.25,166.25,166.25,166.25,0
CS5.MI,23/06/2011,165.56,165.56,165.56,165.56,0
CS5.MI,24/06/2011,166.69,166.69,166.56,166.56,58
CS5.MI,27/06/2011,166.59,166.59,166.59,166.59,0
CS5.MI,28/06/2011,166.34,166.34,166.34,166.34,0
CS5.MI,29/06/2011,166.47,166.47,166.47,166.47,0
CS5.MI,30/06/2011,166.78,166.78,166.78,166.78,0
CS5.MI,01/07/2011,167.26,167.26,167.26,167.26,0
CS5.MI,04/07/2011,168.77,168.77,168.77,168.77,0
CS5.MI,05/07/2011,169.41,170.04,169.41,170.04,4571
CS5.MI,06/07/2011,170.08,170.08,170.08,170.08,0
CS5.MI,07/07/2011,171.01,171.01,171.01,171.01,0
CS5.MI,08/07/2011,171.84,171.84,171.84,171.84,0
CS5.MI,11/07/2011,171.21,171.21,171.21,171.21,0
CS5.MI,12/07/2011,170.78,170.78,170.78,170.78,0
CS5.MI,13/07/2011,169.86,169.86,169.86,169.86,0
CS5.MI,14/07/2011,169.65,169.65,169.65,169.65,0
CS5.MI,15/07/2011,169.95,169.95,169.95,169.95,0
CS5.MI,18/07/2011,169.95,169.95,169.95,169.95,0
CS5.MI,19/07/2011,167.59,167.59,167.59,167.59,0
CS5.MI,20/07/2011,168.02,168.02,168.02,168.02,0
CS5.MI,21/07/2011,169.19,169.19,169.19,169.19,0
CS5.MI,22/07/2011,170.24,170.24,170.24,170.24,0
CS5.MI,25/07/2011,171.4,171.4,171.4,171.4,0
CS5.MI,26/07/2011,170.75,170.75,170.75,170.75,0
CS5.MI,27/07/2011,170.87,170.87,169.76,169.76,8
CS5.MI,28/07/2011,170.26,170.26,170.26,170.26,0
CS5.MI,29/07/2011,169.57,169.57,169.57,169.57,0
CS5.MI,01/08/2011,167.84,167.84,167.84,167.84,0
CS5.MI,02/08/2011,168.04,168.04,168.04,168.04,0
CS5.MI,03/08/2011,166.34,166.34,165.95,165.95,2571
CS5.MI,04/08/2011,164.63,164.63,164.63,164.63,0
CS5.MI,05/08/2011,161.95,161.95,161.95,161.95,0
CS5.MI,08/08/2011,158.56,158.56,158.56,158.56,0
CS5.MI,09/08/2011,158.64,158.64,158.64,158.64,0
CS5.MI,10/08/2011,156.89,156.89,156.89,156.89,0
CS5.MI,11/08/2011,157.62,157.62,157.62,157.62,0
CS5.MI,12/08/2011,163.05,163.05,163.05,163.05,0
CS5.MI,16/08/2011,163.8,163.8,163.8,163.8,0
CS5.MI,17/08/2011,165.55,165.55,165.55,165.55,0
CS5.MI,18/08/2011,160.65,160.65,160.65,160.65,0
CS5.MI,19/08/2011,157.74,158.91,157.74,158.91,6
CS5.MI,22/08/2011,161.03,161.03,160.57,160.57,8
CS5.MI,23/08/2011,161.09,161.09,161.09,161.09,0
CS5.MI,24/08/2011,161.01,161.01,161.01,161.01,0
CS5.MI,25/08/2011,158.89,158.89,158.89,158.89,0
CS5.MI,26/08/2011,158.67,158.67,158.67,158.67,0
CS5.MI,29/08/2011,160.04,160.04,160.04,160.04,0
CS5.MI,30/08/2011,158.38,158.38,158.38,158.38,0
CS5.MI,31/08/2011,161.39,161.39,161.39,161.39,0
CS5.MI,01/09/2011,163.93,163.93,163.93,163.93,0
CS5.MI,02/09/2011,163.73,163.73,163.73,163.73,0
CS5.MI,05/09/2011,159.27,159.27,159.27,159.27,0
CS5.MI,06/09/2011,158.1,158.1,158.1,158.1,0
CS5.MI,07/09/2011,159.34,159.34,159.04,159.04,2600
CS5.MI,08/09/2011,159.94,160.22,159.94,160.22,5
CS5.MI,09/09/2011,159.28,159.28,159.28,159.28,0
CS5.MI,12/09/2011,159.28,159.28,159.28,159.28,0
CS5.MI,13/09/2011,155.94,155.94,155.94,155.94,0
CS5.MI,14/09/2011,156.99,157.35,156.99,157.35,2600
CS5.MI,15/09/2011,157.46,157.46,157.46,157.46,0
CS5.MI,16/09/2011,159.17,159.17,159.17,159.17,0
CS5.MI,19/09/2011,157.54,157.54,157.54,157.54,0
CS5.MI,20/09/2011,159.64,159.64,159.64,159.64,0
CS5.MI,21/09/2011,157.56,157.56,157.56,157.56,0
CS5.MI,22/09/2011,153,153.43,153,153.43,2
CS5.MI,23/09/2011,155.18,155.18,155.18,155.18,0
CS5.MI,26/09/2011,157.76,157.76,157.76,157.76,0
CS5.MI,27/09/2011,160.77,160.77,160.77,160.77,0
CS5.MI,28/09/2011,160.06,160.06,160.06,160.06,0
CS5.MI,29/09/2011,160.37,160.37,160.37,160.37,0
CS5.MI,30/09/2011,160.49,160.49,160.49,160.49,0
CS5.MI,03/10/2011,161.2,161.2,161.2,161.2,0
CS5.MI,04/10/2011,159.08,159.08,159.08,159.08,0
CS5.MI,05/10/2011,160.38,160.38,160.38,160.38,0
CS5.MI,06/10/2011,161.68,161.68,161.68,161.68,0
CS5.MI,07/10/2011,162.66,162.66,162.66,162.66,0
CS5.MI,10/10/2011,163,163,163,163,0
CS5.MI,11/10/2011,162.67,162.67,162.67,162.67,0
CS5.MI,12/10/2011,163.36,163.36,163.36,163.36,0
CS5.MI,13/10/2011,164.24,164.24,164.24,164.24,0
CS5.MI,14/10/2011,165.95,165.95,165.95,165.95,0
CS5.MI,17/10/2011,165.03,165.03,165.03,165.03,0
CS5.MI,18/10/2011,164.11,164.11,164.11,164.11,0
CS5.MI,19/10/2011,164.89,164.89,164.89,164.89,0
CS5.MI,20/10/2011,165.29,165.29,165.29,165.29,0
CS5.MI,21/10/2011,167.9,167.9,167.9,167.9,0
CS5.MI,24/10/2011,167.97,167.97,167.97,167.97,0
CS5.MI,25/10/2011,166.29,166.29,166.29,166.29,0
CS5.MI,26/10/2011,166.85,166.85,166.85,166.85,0
CS5.MI,27/10/2011,167.19,167.19,167.18,167.18,2
CS5.MI,28/10/2011,168.89,168.89,168.89,168.89,0
CS5.MI,31/10/2011,169.34,169.34,169.34,169.34,0
CS5.MI,01/11/2011,166.99,166.99,166.99,166.99,0
CS5.MI,02/11/2011,166.12,166.12,166.12,166.12,0
CS5.MI,03/11/2011,168.57,168.57,168.57,168.57,0
CS5.MI,04/11/2011,168.31,168.31,168.31,168.31,0
CS5.MI,07/11/2011,167.37,167.37,167.37,167.37,0
CS5.MI,08/11/2011,168.98,168.98,168.98,168.98,0
CS5.MI,09/11/2011,168.3,168.3,168.3,168.3,0
CS5.MI,10/11/2011,167.26,167.26,167.26,167.26,0
CS5.MI,11/11/2011,169.79,169.79,169.79,169.79,0
CS5.MI,14/11/2011,168.49,168.49,168.49,168.49,0
CS5.MI,15/11/2011,169.51,169.51,169.51,169.51,0
CS5.MI,16/11/2011,169.29,169.29,169.29,169.29,0
CS5.MI,17/11/2011,168.67,168.67,168.67,168.67,0
CS5.MI,18/11/2011,167.74,167.74,167.74,167.74,0
CS5.MI,21/11/2011,164.61,164.61,164.61,164.61,0
CS5.MI,22/11/2011,165.29,165.29,165.29,165.29,0
CS5.MI,23/11/2011,164.16,164.16,164.16,164.16,0
CS5.MI,24/11/2011,163.18,163.18,163.18,163.18,0
CS5.MI,25/11/2011,164.18,164.18,164.18,164.18,0
CS5.MI,28/11/2011,166.91,166.91,166.91,166.91,0
CS5.MI,29/11/2011,168.16,168.16,168.16,168.16,0
CS5.MI,30/11/2011,168.7,171.14,168.7,171.14,5
CS5.MI,01/12/2011,171.39,171.39,171.39,171.39,0
CS5.MI,02/12/2011,169.94,169.94,169.94,169.94,0
CS5.MI,05/12/2011,170.81,170.81,170.81,170.81,0
CS5.MI,06/12/2011,170.83,170.83,170.83,170.83,0
CS5.MI,07/12/2011,171.24,171.24,171.24,171.24,0
CS5.MI,08/12/2011,172.06,172.06,172.06,172.06,0
CS5.MI,09/12/2011,171.28,171.28,171.28,171.28,0
CS5.MI,12/12/2011,172,172,172,172,0
CS5.MI,13/12/2011,172,172.23,172,172.23,2
CS5.MI,14/12/2011,171.08,171.08,171.08,171.08,0
CS5.MI,15/12/2011,171.36,171.36,171.36,171.36,0
CS5.MI,16/12/2011,170.02,170.02,170.02,170.02,0
CS5.MI,19/12/2011,171.71,171.71,171.71,171.71,0
CS5.MI,20/12/2011,173.14,173.14,173.14,173.14,0
CS5.MI,21/12/2011,172.75,172.75,172.75,172.75,0
CS5.MI,22/12/2011,173.31,173.31,173.31,173.31,0
CS5.MI,23/12/2011,175.15,175.15,175.15,175.15,0
CS5.MI,27/12/2011,175.52,175.52,175.52,175.52,0
CS5.MI,28/12/2011,177.02,177.02,177.02,177.02,0
CS5.MI,29/12/2011,177.5,177.5,177,177,23
CS5.MI,30/12/2011,179.16,179.16,179.16,179.16,0
CS5.MI,02/01/2012,180.87,180.87,180.87,180.87,0
CS5.MI,03/01/2012,181,181,181,181,0
CS5.MI,04/01/2012,180.21,180.21,180.21,180.21,0
CS5.MI,05/01/2012,179.86,179.86,179.86,179.86,0
CS5.MI,06/01/2012,179.05,179.05,179.05,179.05,0
CS5.MI,09/01/2012,179.96,179.96,179.96,179.96,0
CS5.MI,10/01/2012,181.2,181.2,181.2,181.2,0
CS5.MI,11/01/2012,177.91,177.91,177.91,177.91,0
CS5.MI,12/01/2012,175.04,175.04,175.04,175.04,0
CS5.MI,13/01/2012,173.89,173.89,173.89,173.89,0
CS5.MI,16/01/2012,174.72,174.72,174.72,174.72,0
CS5.MI,17/01/2012,174.83,174.83,174.83,174.83,0
CS5.MI,18/01/2012,175.23,175.23,175.23,175.23,0
CS5.MI,19/01/2012,174.42,174.42,174.42,174.42,0
CS5.MI,20/01/2012,175.24,175.24,175.24,175.24,0
CS5.MI,23/01/2012,174.59,174.59,174.59,174.59,0
CS5.MI,24/01/2012,175.3,175.3,175.3,175.3,0
CS5.MI,25/01/2012,175.35,175.35,175.35,175.35,0
CS5.MI,26/01/2012,175.94,175.94,175.94,175.94,0
CS5.MI,27/01/2012,175.02,175.02,175.02,175.02,0
CS5.MI,30/01/2012,174.77,174.77,174.77,174.77,0
CS5.MI,31/01/2012,174.8,174.8,174.8,174.8,0
CS5.MI,01/02/2012,177.02,177.02,177.02,177.02,0
CS5.MI,02/02/2012,175.56,175.56,175.56,175.56,0
CS5.MI,03/02/2012,178.58,178.58,178.58,178.58,0
CS5.MI,06/02/2012,178.56,178.56,178.56,178.56,0
CS5.MI,07/02/2012,179.08,179.08,179.08,179.08,0
CS5.MI,08/02/2012,178.42,178.42,178.42,178.42,0
CS5.MI,09/02/2012,178.83,178.83,178.83,178.83,0
CS5.MI,10/02/2012,179.17,179.17,179.17,179.17,0
CS5.MI,13/02/2012,179.82,179.82,179.82,179.82,0
CS5.MI,14/02/2012,179.9,180.63,179.9,180.63,1015
CS5.MI,15/02/2012,181.66,181.93,181.66,181.93,25
CS5.MI,16/02/2012,183.47,183.47,183.47,183.47,0
CS5.MI,17/02/2012,183.31,183.31,183.31,183.31,0
CS5.MI,20/02/2012,183.35,183.35,183.26,183.26,50
CS5.MI,21/02/2012,182.77,182.77,182.77,182.77,0
CS5.MI,22/02/2012,182.29,182.29,182.29,182.29,0
CS5.MI,23/02/2012,181.88,181.88,181.88,181.88,0
CS5.MI,24/02/2012,180.98,180.98,180.98,180.98,0
CS5.MI,27/02/2012,181.79,181.79,181.79,181.79,0
CS5.MI,28/02/2012,182.14,182.14,182.14,182.14,0
CS5.MI,29/02/2012,183.27,183.27,183.27,183.27,0
CS5.MI,01/03/2012,184.64,184.64,184.64,184.64,0
CS5.MI,02/03/2012,184.35,184.35,184.35,184.35,0
CS5.MI,05/03/2012,184.95,184.95,184.95,184.95,0
CS5.MI,06/03/2012,183.01,183.01,183.01,183.01,0
CS5.MI,07/03/2012,183.78,183.78,183.78,183.78,0
CS5.MI,08/03/2012,186.35,186.35,186.35,186.35,0
CS5.MI,09/03/2012,187.67,187.67,187.67,187.67,0
CS5.MI,12/03/2012,187.67,187.67,187.67,187.67,0
CS5.MI,13/03/2012,190.16,190.16,190.16,190.16,0
CS5.MI,14/03/2012,189.63,189.63,189.63,189.63,0
CS5.MI,15/03/2012,189.28,189.28,189.28,189.28,0
CS5.MI,16/03/2012,190.07,190.07,189.96,189.96,15
CS5.MI,19/03/2012,189.36,189.36,189.36,189.36,0
CS5.MI,20/03/2012,188.33,188.33,188.33,188.33,0
CS5.MI,21/03/2012,188.97,188.97,188.97,188.97,0
CS5.MI,22/03/2012,188.04,188.04,188.04,188.04,0
CS5.MI,23/03/2012,187.65,187.65,187.65,187.65,0
CS5.MI,26/03/2012,190,190,189.74,189.74,50
CS5.MI,27/03/2012,188.97,188.97,188.97,188.97,0
CS5.MI,28/03/2012,187.88,187.88,187.88,187.88,0
CS5.MI,29/03/2012,187.23,187.23,187.23,187.23,0
CS5.MI,30/03/2012,188.36,188.36,188.36,188.36,0
CS5.MI,02/04/2012,190.97,190.97,190.97,190.97,0
CS5.MI,03/04/2012,190.64,190.64,190.64,190.64,0
CS5.MI,04/04/2012,189.37,189.37,187.81,187.81,50
CS5.MI,05/04/2012,187.66,187.66,187.66,187.66,0
CS5.MI,10/04/2012,185.48,185.48,185.48,185.48,0
CS5.MI,11/04/2012,185.3,185.39,185.26,185.26,140
CS5.MI,12/04/2012,187.23,187.23,187.23,187.23,0
CS5.MI,13/04/2012,185.7,185.7,185.7,185.7,0
CS5.MI,16/04/2012,188.12,188.12,188.12,188.12,0
CS5.MI,17/04/2012,189.98,189.98,189.98,189.98,0
CS5.MI,18/04/2012,191.27,191.27,191.27,191.27,0
CS5.MI,19/04/2012,192.28,192.28,192.28,192.28,0
CS5.MI,20/04/2012,191.25,191.25,191.25,191.25,0
CS5.MI,23/04/2012,189.79,189.79,189.79,189.79,0
CS5.MI,24/04/2012,190.34,190.34,190.34,190.34,0
CS5.MI,25/04/2012,190.89,190.89,190.89,190.89,0
CS5.MI,26/04/2012,191.29,191.29,191.29,191.29,0
CS5.MI,27/04/2012,191.45,191.45,191.45,191.45,0
CS5.MI,30/04/2012,191.01,191.01,191.01,191.01,0
CS5.MI,02/05/2012,192.54,192.54,192.54,192.54,0
CS5.MI,03/05/2012,193.54,193.54,193.54,193.54,0
CS5.MI,04/05/2012,191.9,191.9,191.9,191.9,0
CS5.MI,07/05/2012,194.09,194.09,193.93,193.93,28
CS5.MI,08/05/2012,190.67,190.67,190.67,190.67,0
CS5.MI,09/05/2012,190,190.67,190,190.67,27
CS5.MI,10/05/2012,189.69,189.69,189.69,189.69,0
CS5.MI,11/05/2012,192.26,192.26,192.26,192.26,0
CS5.MI,14/05/2012,190.73,190.73,190.73,190.73,0
CS5.MI,15/05/2012,190.8,190.8,190.8,190.8,0
CS5.MI,16/05/2012,189.4,189.4,189.4,189.4,0
CS5.MI,17/05/2012,188.14,188.14,188.14,188.14,0
CS5.MI,18/05/2012,186.16,186.16,186.16,186.16,0
CS5.MI,21/05/2012,186.34,186.34,186.34,186.34,0
CS5.MI,22/05/2012,187.16,187.16,187.16,187.16,0
CS5.MI,23/05/2012,185.6,185.6,185.6,185.6,0
CS5.MI,24/05/2012,186.94,186.94,186.94,186.94,0
CS5.MI,25/05/2012,187.84,187.84,187.84,187.84,0
CS5.MI,28/05/2012,187.17,187.17,187.17,187.17,0
CS5.MI,29/05/2012,188.1,188.1,188.1,188.1,0
CS5.MI,30/05/2012,187.21,187.21,187.21,187.21,0
CS5.MI,31/05/2012,187,187,186.92,186.92,15
CS5.MI,01/06/2012,185.89,185.89,184.29,184.29,3370
CS5.MI,04/06/2012,183.22,183.22,183.22,183.22,0
CS5.MI,05/06/2012,183.79,183.79,183.79,183.79,0
CS5.MI,06/06/2012,185.82,185.82,185.82,185.82,0
CS5.MI,07/06/2012,186.51,186.51,186.51,186.51,0
CS5.MI,08/06/2012,187.23,187.23,187.23,187.23,0
CS5.MI,11/06/2012,187.1,187.1,187.1,187.1,0
CS5.MI,12/06/2012,189.36,189.36,189.36,189.36,0
CS5.MI,13/06/2012,189.05,189.05,189.05,189.05,0
CS5.MI,14/06/2012,189.32,189.32,189.32,189.32,0
CS5.MI,15/06/2012,188.81,188.81,188.81,188.81,0
CS5.MI,18/06/2012,189.82,189.82,189.82,189.82,0
CS5.MI,19/06/2012,189.99,189.99,189.99,189.99,0
CS5.MI,20/06/2012,189.34,189.34,189.34,189.34,0
CS5.MI,21/06/2012,190.03,190.03,190.03,190.03,0
CS5.MI,22/06/2012,189.94,189.94,189.94,189.94,0
CS5.MI,25/06/2012,189.186,189.186,189.186,189.186,0
CS5.MI,26/06/2012,189.926,189.926,189.926,189.926,0
CS5.MI,27/06/2012,191.721,191.721,191.721,191.721,0
CS5.MI,28/06/2012,190.79,190.79,190.79,190.79,0
CS5.MI,29/06/2012,194.555,194.555,194.555,194.555,0
CS5.MI,02/07/2012,193.43,196.641,193.36,196.641,6900
CS5.MI,03/07/2012,199.183,199.183,199.183,199.183,0
CS5.MI,04/07/2012,199.342,199.342,199.342,199.342,0
CS5.MI,05/07/2012,199.76,199.76,199.76,199.76,0
CS5.MI,06/07/2012,200.672,200.672,200.672,200.672,0
CS5.MI,09/07/2012,199.895,199.895,199.895,199.895,0
CS5.MI,10/07/2012,200.58,202.206,200.58,202.206,31
CS5.MI,11/07/2012,200.596,200.596,200.596,200.596,0
CS5.MI,12/07/2012,200.2,200.2,199.817,199.817,100
CS5.MI,13/07/2012,201.52,201.52,201.52,201.52,0
CS5.MI,16/07/2012,202.045,202.045,202.045,202.045,0
CS5.MI,17/07/2012,202.367,202.367,202.367,202.367,0
CS5.MI,18/07/2012,203.79,203.79,203.79,203.79,0
CS5.MI,19/07/2012,205.37,206.012,205.37,206.012,195
CS5.MI,20/07/2012,204.747,204.747,204.747,204.747,0
CS5.MI,23/07/2012,200.924,200.924,200.924,200.924,0
CS5.MI,24/07/2012,201.118,201.118,201.118,201.118,0
CS5.MI,25/07/2012,198.775,198.775,198.775,198.775,0
CS5.MI,26/07/2012,203.34,203.714,203.34,203.714,70
CS5.MI,27/07/2012,205.744,205.744,205.744,205.744,0
CS5.MI,30/07/2012,207.861,207.861,207.861,207.861,0
CS5.MI,31/07/2012,206.741,206.741,206.741,206.741,0
CS5.MI,01/08/2012,207.655,207.655,207.655,207.655,0
CS5.MI,02/08/2012,207.89,207.89,207.89,207.89,0
CS5.MI,03/08/2012,208.788,208.788,208.788,208.788,0
CS5.MI,06/08/2012,208.472,208.472,208.472,208.472,0
CS5.MI,07/08/2012,207.6,207.6,207.583,207.583,140
CS5.MI,08/08/2012,208.262,208.262,208.262,208.262,0
CS5.MI,09/08/2012,210.615,210.615,210.615,210.615,0
CS5.MI,10/08/2012,209.749,209.749,209.749,209.749,0
CS5.MI,13/08/2012,209.45,209.45,209.032,209.032,140
CS5.MI,14/08/2012,209.913,209.913,209.913,209.913,0
CS5.MI,16/08/2012,209.13,209.13,209.041,209.041,50
CS5.MI,17/08/2012,208.779,208.779,208.779,208.779,0
CS5.MI,20/08/2012,208.99,208.99,208.822,208.822,30
CS5.MI,21/08/2012,208.907,208.907,208.907,208.907,0
CS5.MI,22/08/2012,206.836,206.836,206.836,206.836,0
CS5.MI,23/08/2012,206.408,206.408,206.408,206.408,0
CS5.MI,24/08/2012,208.134,208.134,208.134,208.134,0
CS5.MI,27/08/2012,206.84,208.975,206.84,208.975,40
CS5.MI,28/08/2012,207.639,207.639,207.639,207.639,0
CS5.MI,29/08/2012,207.667,207.667,207.667,207.667,0
CS5.MI,30/08/2012,208.054,208.054,208.054,208.054,0
CS5.MI,31/08/2012,207.496,207.496,207.496,207.496,0
CS5.MI,03/09/2012,209.1,209.1,209.1,209.1,0
CS5.MI,04/09/2012,207.76,207.76,207.76,207.76,0
CS5.MI,05/09/2012,207.678,207.678,207.678,207.678,0
CS5.MI,06/09/2012,209.907,209.907,209.907,209.907,0
CS5.MI,07/09/2012,205.467,205.467,205.467,205.467,0
CS5.MI,10/09/2012,203.443,203.443,203.443,203.443,0
CS5.MI,11/09/2012,204.27,204.417,204.27,204.417,15
CS5.MI,12/09/2012,202.4,202.4,202.4,202.4,0
CS5.MI,13/09/2012,203.238,203.238,203.238,203.238,0
CS5.MI,14/09/2012,201.21,201.21,201.21,201.21,0
CS5.MI,17/09/2012,201.72,201.811,201.72,201.811,140
CS5.MI,18/09/2012,205.195,205.195,205.195,205.195,0
CS5.MI,19/09/2012,205.411,205.411,205.411,205.411,0
CS5.MI,20/09/2012,206.936,206.936,206.936,206.936,0
CS5.MI,21/09/2012,206.385,206.385,206.385,206.385,0
CS5.MI,24/09/2012,206.201,206.201,206.201,206.201,0
CS5.MI,25/09/2012,207.628,207.628,207.628,207.628,0
CS5.MI,26/09/2012,206.667,206.667,206.667,206.667,0
CS5.MI,27/09/2012,206.467,206.467,206.467,206.467,0
CS5.MI,28/09/2012,204.85,204.85,204.85,204.85,0
CS5.MI,01/10/2012,206.398,206.398,206.398,206.398,0
CS5.MI,02/10/2012,206.581,206.581,206.581,206.581,0
CS5.MI,03/10/2012,206.479,206.479,206.479,206.479,0
CS5.MI,04/10/2012,206.393,206.393,206.393,206.393,0
CS5.MI,05/10/2012,207.329,207.329,207.329,207.329,0
CS5.MI,08/10/2012,206.573,206.573,206.573,206.573,0
CS5.MI,09/10/2012,205.286,205.286,205.286,205.286,0
CS5.MI,10/10/2012,205.063,205.063,205.063,205.063,0
CS5.MI,11/10/2012,205.489,205.489,205.489,205.489,0
CS5.MI,12/10/2012,205.686,205.686,205.686,205.686,0
CS5.MI,15/10/2012,206.533,206.533,206.533,206.533,0
CS5.MI,16/10/2012,207.246,207.246,207.246,207.246,0
CS5.MI,17/10/2012,207.208,207.208,207.208,207.208,0
CS5.MI,18/10/2012,205.477,205.477,205.477,205.477,0
CS5.MI,19/10/2012,205.445,205.445,205.445,205.445,0
CS5.MI,22/10/2012,204.729,204.729,204.729,204.729,0
CS5.MI,23/10/2012,202.249,202.249,202.249,202.249,0
CS5.MI,24/10/2012,203.489,203.489,203.489,203.489,0
CS5.MI,25/10/2012,205.258,205.258,205.258,205.258,0
CS5.MI,26/10/2012,204.878,204.878,204.878,204.878,0
CS5.MI,29/10/2012,204.74,204.74,204.74,204.74,0
CS5.MI,30/10/2012,205,205,205,205,0
CS5.MI,31/10/2012,204.11,204.11,204.11,204.11,0
CS5.MI,01/11/2012,204.47,204.47,204.47,204.47,0
CS5.MI,02/11/2012,206.04,206.04,206.04,206.04,0
CS5.MI,05/11/2012,206.3,206.3,206.3,206.3,0
CS5.MI,06/11/2012,206.95,206.95,206.95,206.95,0
CS5.MI,07/11/2012,206.39,206.39,206.39,206.39,0
CS5.MI,08/11/2012,206.79,206.79,206.79,206.79,0
CS5.MI,09/11/2012,207.94,207.94,207.94,207.94,0
CS5.MI,12/11/2012,208.31,208.31,207.65,207.65,140
CS5.MI,13/11/2012,208.16,208.59,208.16,208.59,17
CS5.MI,14/11/2012,206.88,206.88,206.88,206.88,0
CS5.MI,15/11/2012,204.17,204.17,204.17,204.17,0
CS5.MI,16/11/2012,204.37,204.37,203.63,203.63,23
CS5.MI,19/11/2012,206.35,206.35,206.35,206.35,0
CS5.MI,20/11/2012,206.2,206.89,206.2,206.89,80
CS5.MI,21/11/2012,207.37,207.37,207.37,207.37,0
CS5.MI,22/11/2012,208.26,208.66,208.26,208.66,20
CS5.MI,23/11/2012,208.43,209.66,208.43,209.66,34
CS5.MI,26/11/2012,209.7,209.7,209.21,209.21,20
CS5.MI,27/11/2012,210.95,210.95,210.95,210.95,0
CS5.MI,28/11/2012,211.66,211.66,211.66,211.66,0
CS5.MI,29/11/2012,212.27,212.27,212.27,212.27,0
CS5.MI,30/11/2012,211.84,211.84,211.84,211.84,0
CS5.MI,03/12/2012,211.51,211.51,211.51,211.51,0
CS5.MI,04/12/2012,211.75,211.75,211.75,211.75,0
CS5.MI,05/12/2012,211.26,211.26,211.26,211.26,0
CS5.MI,06/12/2012,211.49,212.38,211.49,212.38,135
CS5.MI,07/12/2012,212.84,212.84,212.84,212.84,0
CS5.MI,10/12/2012,213.62,213.62,213.62,213.62,0
CS5.MI,11/12/2012,213.32,213.32,213.32,213.32,0
CS5.MI,12/12/2012,212.42,212.42,212.42,212.42,0
CS5.MI,13/12/2012,211.52,211.52,211.52,211.52,0
CS5.MI,14/12/2012,210.77,210.77,210.77,210.77,0
CS5.MI,17/12/2012,209.53,209.53,209.53,209.53,0
CS5.MI,18/12/2012,210.25,210.25,210.25,210.25,0
CS5.MI,19/12/2012,210.21,210.21,210.21,210.21,0
CS5.MI,20/12/2012,210.05,210.05,210.05,210.05,0
CS5.MI,21/12/2012,209.59,209.59,209.59,209.59,210
CS5.MI,27/12/2012,208.93,208.93,208.48,208.48,60
CS5.MI,28/12/2012,208.09,208.09,208.09,208.09,0
CS5.MI,02/01/2013,212.84,212.84,212.07,212.07,9
CS5.MI,03/01/2013,211.39,211.39,211.39,211.39,0
CS5.MI,04/01/2013,212.21,212.27,212.09,212.27,381
CS5.MI,07/01/2013,211.46,211.46,211.46,211.46,0
CS5.MI,08/01/2013,211.46,211.46,210.99,210.99,5
CS5.MI,09/01/2013,210.51,210.51,210.51,210.51,0
CS5.MI,10/01/2013,210.12,210.12,209.6,209.6,3
CS5.MI,11/01/2013,209.06,209.06,209.06,209.06,0
CS5.MI,14/01/2013,208.99,209.01,207.53,207.89,200
CS5.MI,15/01/2013,209.42,209.73,209.42,209.73,50
CS5.MI,16/01/2013,210.61,210.61,210.61,210.61,0
CS5.MI,17/01/2013,211.05,211.05,211.05,211.05,0
CS5.MI,18/01/2013,212.4,212.4,212.07,212.07,7
CS5.MI,21/01/2013,212.02,212.02,212.02,212.02,0
CS5.MI,22/01/2013,212.66,212.66,212.66,212.66,0
CS5.MI,23/01/2013,213,213.96,213,213.96,100
CS5.MI,24/01/2013,213.4,213.56,213.4,213.56,30
CS5.MI,25/01/2013,214.34,214.34,214.34,214.34,0
CS5.MI,28/01/2013,214.52,214.52,214.52,214.52,0
CS5.MI,29/01/2013,216.18,216.18,216.18,216.18,0
CS5.MI,30/01/2013,215.13,215.13,215.13,215.13,0
CS5.MI,31/01/2013,215.03,215.03,214.24,214.24,12
CS5.MI,01/02/2013,214.33,214.33,214.33,214.33,0
CS5.MI,04/02/2013,214.33,214.33,213.57,213.63,140
CS5.MI,05/02/2013,213.33,213.33,213.33,213.33,0
CS5.MI,06/02/2013,213.57,213.57,213.57,213.57,0
CS5.MI,07/02/2013,213.56,213.56,213.56,213.56,0
CS5.MI,08/02/2013,214.39,215.3,214.37,215.3,55
CS5.MI,11/02/2013,214.1,214.1,214.1,214.1,0
CS5.MI,12/02/2013,215.39,215.39,215.39,215.39,0
CS5.MI,13/02/2013,216.24,216.24,216.24,216.24,0
CS5.MI,14/02/2013,216.96,216.96,216.96,216.96,0
CS5.MI,15/02/2013,216.87,216.87,216.87,216.87,0
CS5.MI,18/02/2013,215.68,215.68,215.68,215.68,0
CS5.MI,19/02/2013,218.11,218.84,218.11,218.84,9
CS5.MI,20/02/2013,219.86,219.86,219.86,219.86,0
CS5.MI,21/02/2013,218.72,218.72,218.72,218.72,0
CS5.MI,22/02/2013,220.91,220.91,220.91,220.91,0
CS5.MI,25/02/2013,220.07,220.09,219.61,219.61,130
CS5.MI,26/02/2013,219.24,219.24,219.24,219.24,0
CS5.MI,27/02/2013,220.12,220.12,220.12,220.12,0
CS5.MI,28/02/2013,222.88,222.88,222.88,222.88,0
CS5.MI,01/03/2013,223.47,223.47,223.47,223.47,0
CS5.MI,04/03/2013,224.25,224.25,224.25,224.25,0
CS5.MI,05/03/2013,226.76,226.76,226.76,226.76,0
CS5.MI,06/03/2013,225.52,225.52,225.52,225.52,0
CS5.MI,07/03/2013,226.04,226.04,226.04,226.04,0
CS5.MI,08/03/2013,227.54,227.54,227.54,227.54,0
CS5.MI,11/03/2013,228.35,228.35,228.35,228.35,0
CS5.MI,12/03/2013,228.4,228.4,228.4,228.4,0
CS5.MI,13/03/2013,228.94,228.94,228.94,228.94,0
CS5.MI,14/03/2013,230.97,230.97,230.97,230.97,0
CS5.MI,15/03/2013,230.46,230.46,230.46,230.46,0
CS5.MI,18/03/2013,231.27,231.27,231.27,231.27,0
CS5.MI,19/03/2013,232,232.33,232,232.33,130
CS5.MI,20/03/2013,232.17,232.17,232.17,232.17,0
CS5.MI,21/03/2013,232.23,232.23,231.33,231.33,1454
CS5.MI,22/03/2013,232.29,232.29,232.29,232.29,0
CS5.MI,25/03/2013,232.86,232.86,232.86,232.86,0
CS5.MI,26/03/2013,232.72,232.72,232.72,232.72,0
CS5.MI,27/03/2013,233.13,233.13,233.13,233.13,0
CS5.MI,28/03/2013,235.88,235.88,235.88,235.88,0
CS5.MI,02/04/2013,238.52,238.52,238.52,238.52,0
CS5.MI,03/04/2013,239.92,239.94,237.59,237.59,215
CS5.MI,04/04/2013,237.09,237.24,235.12,235.12,699
CS5.MI,05/04/2013,231.89,231.89,230.13,230.13,20
CS5.MI,08/04/2013,235.1,235.1,232.01,232.01,19
CS5.MI,09/04/2013,229.25,229.25,229.25,229.25,0
CS5.MI,10/04/2013,230.8,233.28,230.8,233.28,7
CS5.MI,11/04/2013,233.86,233.86,233.86,233.86,0
CS5.MI,12/04/2013,233.22,233.22,233.22,233.22,0
CS5.MI,15/04/2013,232.07,232.27,232.07,232.27,11
CS5.MI,16/04/2013,230.59,230.59,230.59,230.59,0
CS5.MI,17/04/2013,228.08,228.08,228.08,228.08,0
CS5.MI,18/04/2013,228.55,228.55,228.55,228.55,0
CS5.MI,19/04/2013,228.55,228.55,228.55,228.55,0
CS5.MI,22/04/2013,230.09,230.55,230.09,230.55,9
CS5.MI,23/04/2013,235.04,235.04,235.04,235.04,0
CS5.MI,24/04/2013,234.74,234.74,234.74,234.74,0
CS5.MI,25/04/2013,234.19,234.19,234.19,234.19,0
CS5.MI,26/04/2013,233.15,233.15,233.15,233.15,0
CS5.MI,29/04/2013,234.38,234.38,234.38,234.38,0
CS5.MI,30/04/2013,234.25,234.25,234.25,234.25,0
CS5.MI,02/05/2013,236.58,236.58,236.58,236.58,0
CS5.MI,03/05/2013,236.38,236.38,236.38,236.38,0
CS5.MI,06/05/2013,236.39,236.39,236.39,236.39,0
CS5.MI,07/05/2013,235.94,235.94,235.66,235.66,20
CS5.MI,08/05/2013,238.19,238.19,238.19,238.19,0
CS5.MI,09/05/2013,237.46,237.56,237.46,237.56,20
CS5.MI,10/05/2013,238.46,238.46,238.46,238.46,0
CS5.MI,13/05/2013,238.89,238.89,238.89,238.89,0
CS5.MI,14/05/2013,239.78,239.78,239.78,239.78,0
CS5.MI,15/05/2013,241.86,241.86,241.86,241.86,0
CS5.MI,16/05/2013,240.71,240.71,240.71,240.71,0
CS5.MI,17/05/2013,239.56,239.56,239.56,239.56,0
CS5.MI,20/05/2013,240.52,240.52,240.52,240.52,0
CS5.MI,21/05/2013,239.22,239.22,239.22,239.22,0
CS5.MI,22/05/2013,240.02,240.02,240.02,240.02,0
CS5.MI,23/05/2013,237.44,237.44,237.44,237.44,0
CS5.MI,24/05/2013,237.41,237.41,237.41,237.41,0
CS5.MI,27/05/2013,237.34,237.34,237.34,237.34,0
CS5.MI,28/05/2013,239.87,239.87,239.87,239.87,0
CS5.MI,29/05/2013,234.21,234.21,234.21,234.21,0
CS5.MI,30/05/2013,233.22,233.22,233.22,233.22,0
CS5.MI,31/05/2013,231.33,231.33,231.33,231.33,0
CS5.MI,03/06/2013,229.04,229.06,227.43,229.06,75
CS5.MI,04/06/2013,230.75,230.75,230.75,230.75,0
CS5.MI,05/06/2013,226.71,226.71,226.71,226.71,0
CS5.MI,06/06/2013,225.46,225.46,225.46,225.46,0
CS5.MI,07/06/2013,227.41,227.41,227.41,227.41,0
CS5.MI,10/06/2013,227.37,227.37,227.37,227.37,0
CS5.MI,11/06/2013,224.01,224.01,224.01,224.01,0
CS5.MI,12/06/2013,225.32,225.32,225.32,225.32,0
CS5.MI,13/06/2013,224.06,224.06,224.06,224.06,0
CS5.MI,14/06/2013,223.71,223.71,223.71,223.71,0
CS5.MI,17/06/2013,226.04,226.04,226.04,226.04,0
CS5.MI,18/06/2013,224.81,224.81,224.81,224.81,0
CS5.MI,19/06/2013,226.15,226.15,226.15,226.15,0
CS5.MI,20/06/2013,218.86,218.86,218.86,218.86,0
CS5.MI,21/06/2013,218.7,218.7,218.7,218.7,0
CS5.MI,24/06/2013,214.74,214.74,214.74,214.74,0
CS5.MI,25/06/2013,216.8,216.8,216.8,216.8,0
CS5.MI,26/06/2013,220.44,220.44,220.44,220.44,0
CS5.MI,27/06/2013,222.63,222.63,222.63,222.63,0
CS5.MI,28/06/2013,221.93,221.93,221.93,221.93,0
CS5.MI,01/07/2013,223.52,223.52,223.52,223.52,0
CS5.MI,02/07/2013,222.59,222.59,222.59,222.59,0
CS5.MI,03/07/2013,221.01,221.01,221.01,221.01,0
CS5.MI,04/07/2013,226.1,226.1,226.1,226.1,0
CS5.MI,05/07/2013,224.55,224.55,224.55,224.55,0
CS5.MI,08/07/2013,225.9,225.9,225.9,225.9,0
CS5.MI,09/07/2013,227.83,227.83,227.83,227.83,0
CS5.MI,10/07/2013,227.53,227.53,227.53,227.53,0
CS5.MI,11/07/2013,229.18,229.18,229.18,229.18,0
CS5.MI,12/07/2013,227.58,227.58,227.58,227.58,0
CS5.MI,15/07/2013,228.8,228.8,228.8,228.8,0
CS5.MI,16/07/2013,227.09,227.09,227.09,227.09,0
CS5.MI,17/07/2013,228.07,228.07,228.07,228.07,0
CS5.MI,18/07/2013,228.14,228.14,228.14,228.14,0
CS5.MI,19/07/2013,227.87,227.87,227.87,227.87,0
CS5.MI,22/07/2013,227.47,227.67,227.47,227.67,100
CS5.MI,23/07/2013,226.51,226.51,226.51,226.51,0
CS5.MI,24/07/2013,227.05,227.05,227.05,227.05,0
CS5.MI,25/07/2013,224.62,224.62,224.62,224.62,0
CS5.MI,26/07/2013,223.46,223.46,223.46,223.46,0
CS5.MI,29/07/2013,224.1,224.1,224.1,224.1,0
CS5.MI,30/07/2013,225.06,225.06,225.06,225.06,0
CS5.MI,31/07/2013,227.48,227.48,227.48,227.48,0
CS5.MI,01/08/2013,229.6,229.6,229.6,229.6,0
CS5.MI,02/08/2013,230.75,230.75,230.75,230.75,0
CS5.MI,05/08/2013,231.05,231.05,231.05,231.05,0
CS5.MI,06/08/2013,231.49,231.49,231.49,231.49,0
CS5.MI,07/08/2013,230.43,230.43,230.43,230.43,0
CS5.MI,08/08/2013,228.96,228.96,228.96,228.96,0
CS5.MI,09/08/2013,229.65,229.65,229.65,229.65,0
CS5.MI,12/08/2013,228.92,229.2,228.92,229.2,31
CS5.MI,13/08/2013,230.62,230.62,230.62,230.62,0
CS5.MI,14/08/2013,231.29,231.29,231.29,231.29,0
CS5.MI,16/08/2013,228.48,228.48,228.48,228.48,0
CS5.MI,19/08/2013,228.01,228.01,228.01,228.01,0
CS5.MI,20/08/2013,226.48,226.48,226.48,226.48,0
CS5.MI,21/08/2013,225.7,225.7,225.7,225.7,0
CS5.MI,22/08/2013,226.05,226.05,226.05,226.05,0
CS5.MI,23/08/2013,226.57,226.57,226.57,226.57,0
CS5.MI,26/08/2013,226.96,226.96,226.96,226.96,0
CS5.MI,27/08/2013,224.43,224.43,224.43,224.43,0
CS5.MI,28/08/2013,222.31,222.31,222.31,222.31,0
CS5.MI,29/08/2013,223.4,223.4,223.4,223.4,0
CS5.MI,30/08/2013,222.74,222.74,222.74,222.74,0
CS5.MI,02/09/2013,224.99,224.99,224.99,224.99,0
CS5.MI,03/09/2013,224.21,224.21,224.21,224.21,0
CS5.MI,04/09/2013,223.15,223.15,223.15,223.15,0
CS5.MI,05/09/2013,223.73,223.73,223.73,223.73,0
CS5.MI,06/09/2013,225.01,225.01,225.01,225.01,0
CS5.MI,09/09/2013,223.61,223.61,223.61,223.61,0
CS5.MI,10/09/2013,226.78,226.78,226.78,226.78,0
CS5.MI,11/09/2013,226.26,226.26,226.26,226.26,0
CS5.MI,12/09/2013,226.92,226.92,226.92,226.92,0
CS5.MI,13/09/2013,228.37,228.37,228.37,228.37,0
CS5.MI,16/09/2013,229.75,229.75,229.75,229.75,0
CS5.MI,17/09/2013,230.17,230.17,230.17,230.17,0
CS5.MI,18/09/2013,230.43,230.43,230.43,230.43,0
CS5.MI,19/09/2013,233.39,233.39,233.39,233.39,0
CS5.MI,20/09/2013,232.41,232.41,232.41,232.41,0
CS5.MI,23/09/2013,231.87,231.87,231.87,231.87,0
CS5.MI,24/09/2013,230.56,230.56,230.56,230.56,0
CS5.MI,25/09/2013,229.31,229.31,229.31,229.31,0
CS5.MI,26/09/2013,229.37,229.37,229.37,229.37,0
CS5.MI,27/09/2013,228.61,228.61,228.61,228.61,0
CS5.MI,30/09/2013,228.19,228.19,228.19,228.19,0
CS5.MI,01/10/2013,226.38,226.38,226.38,226.38,0
CS5.MI,02/10/2013,223.61,223.61,223.61,223.61,0
CS5.MI,03/10/2013,223.9,223.9,223.9,223.9,0
CS5.MI,04/10/2013,223.55,223.55,223.55,223.55,0
CS5.MI,07/10/2013,223.03,223.03,223.03,223.03,0
CS5.MI,08/10/2013,222.88,222.88,221.47,221.47,5
CS5.MI,09/10/2013,219.49,219.49,219.49,219.49,0
CS5.MI,10/10/2013,221.4,221.4,221.4,221.4,0
CS5.MI,11/10/2013,222.3,222.3,222.3,222.3,0
CS5.MI,14/10/2013,222.33,222.33,222.33,222.33,0
CS5.MI,15/10/2013,223.84,223.84,223.84,223.84,0
CS5.MI,16/10/2013,223.93,223.93,223.93,223.93,0
CS5.MI,17/10/2013,227.48,227.48,227.48,227.48,0
CS5.MI,18/10/2013,230.3,230.3,230.3,230.3,0
CS5.MI,21/10/2013,230.76,230.76,230.76,230.76,0
CS5.MI,22/10/2013,232.8,232.8,232.8,232.8,0
CS5.MI,23/10/2013,232.02,232.02,232.02,232.02,0
CS5.MI,24/10/2013,232.64,232.64,232.64,232.64,0
CS5.MI,25/10/2013,232.68,232.68,232.68,232.68,0
CS5.MI,28/10/2013,234.22,234.22,234.22,234.22,0
CS5.MI,29/10/2013,234.21,234.21,234.21,234.21,0
CS5.MI,30/10/2013,232.86,232.86,232.86,232.86,0
CS5.MI,31/10/2013,234.41,234.41,234.41,234.41,0
CS5.MI,01/11/2013,233.01,233.01,233.01,233.01,0
CS5.MI,04/11/2013,233.83,233.83,233.83,233.83,0
CS5.MI,05/11/2013,234.43,234.43,234.43,234.43,0
CS5.MI,06/11/2013,235.15,235.15,235.15,235.15,0
CS5.MI,07/11/2013,235.63,235.63,235.63,235.63,0
CS5.MI,08/11/2013,235.2,235.2,235.2,235.2,0
CS5.MI,11/11/2013,235.99,235.99,235.99,235.99,0
CS5.MI,12/11/2013,235.21,235.21,235.21,235.21,0
CS5.MI,13/11/2013,234.49,234.49,234.49,234.49,0
CS5.MI,14/11/2013,235.81,235.81,235.81,235.81,0
CS5.MI,15/11/2013,236.06,236.06,236.06,236.06,0
CS5.MI,18/11/2013,237.3,237.3,237.3,237.3,0
CS5.MI,19/11/2013,237.07,237.07,237.07,237.07,0
CS5.MI,20/11/2013,237.33,237.33,237.33,237.33,0
CS5.MI,21/11/2013,235.51,235.51,235.51,235.51,0
CS5.MI,22/11/2013,234.9,234.9,234.9,234.9,0
CS5.MI,25/11/2013,236.9,236.9,236.9,236.9,0
CS5.MI,26/11/2013,234.23,234.23,234.23,234.23,0
CS5.MI,27/11/2013,234.59,234.59,234.59,234.59,0
CS5.MI,28/11/2013,233.99,233.99,233.99,233.99,0
CS5.MI,29/11/2013,234.46,234.46,234.46,234.46,0
CS5.MI,02/12/2013,233.26,233.26,233.26,233.26,0
CS5.MI,03/12/2013,230.95,230.95,230.95,230.95,0
CS5.MI,04/12/2013,230.33,230.33,230.33,230.33,0
CS5.MI,05/12/2013,228.65,228.65,228.65,228.65,0
CS5.MI,06/12/2013,230.11,230.11,230.11,230.11,0
CS5.MI,09/12/2013,229.75,229.75,229.75,229.75,0
CS5.MI,10/12/2013,229.1,229.1,229.1,229.1,0
CS5.MI,11/12/2013,227.12,227.12,227.12,227.12,0
CS5.MI,12/12/2013,225.01,225.01,225.01,225.01,0
CS5.MI,13/12/2013,223.55,223.55,223.55,223.55,0
CS5.MI,16/12/2013,225.82,225.82,225.82,225.82,0
CS5.MI,17/12/2013,224.47,224.47,224.47,224.47,0
CS5.MI,18/12/2013,225.43,225.43,225.43,225.43,0
CS5.MI,19/12/2013,228.1,228.1,228.1,228.1,0
CS5.MI,20/12/2013,229.58,229.58,229.58,229.58,0
CS5.MI,23/12/2013,230.13,230.13,230.13,230.13,0
CS5.MI,27/12/2013,233.67,233.67,233.67,233.67,0
CS5.MI,30/12/2013,233.47,233.47,233.47,233.47,0
CS5.MI,02/01/2014,233.43,233.43,231.74,231.74,20
CS5.MI,03/01/2014,233.24,233.66,233.24,233.66,5
CS5.MI,06/01/2014,231.68,231.68,231.68,231.68,0
CS5.MI,07/01/2014,232.9,232.9,232.66,232.66,10
CS5.MI,08/01/2014,231.14,231.14,230.95,230.95,35
CS5.MI,09/01/2014,229.13,229.13,229.13,229.13,0
CS5.MI,10/01/2014,229.76,229.76,229.76,229.76,0
CS5.MI,13/01/2014,230.25,230.25,230.25,230.25,0
CS5.MI,14/01/2014,231.08,231.08,231.08,231.08,0
CS5.MI,15/01/2014,231.24,231.24,231.24,231.24,0
CS5.MI,16/01/2014,232.43,232.43,232.43,232.43,0
CS5.MI,17/01/2014,232.48,232.48,232.48,232.48,0
CS5.MI,20/01/2014,233.41,233.84,233.41,233.84,6
CS5.MI,21/01/2014,235.6,236.29,235.6,236.29,10
CS5.MI,22/01/2014,237.92,237.92,237.92,237.92,0
CS5.MI,23/01/2014,235.62,235.62,235.62,235.62,0
CS5.MI,24/01/2014,234.38,234.38,230.45,230.45,20
CS5.MI,27/01/2014,228.87,228.87,228.87,228.87,0
CS5.MI,28/01/2014,227.5,227.5,227.5,227.5,0
CS5.MI,29/01/2014,225.23,225.67,225.23,225.67,434
CS5.MI,30/01/2014,223.26,223.59,223.26,223.59,434
CS5.MI,31/01/2014,223.47,223.47,223.47,223.47,0
CS5.MI,03/02/2014,222.77,222.77,222.77,222.77,0
CS5.MI,04/02/2014,221.22,221.22,221.22,221.22,0
CS5.MI,05/02/2014,221.23,221.23,221.23,221.23,0
CS5.MI,06/02/2014,224.87,224.87,224.87,224.87,0
CS5.MI,07/02/2014,226.21,226.21,226.21,226.21,0
CS5.MI,10/02/2014,227.01,227.01,227.01,227.01,0
CS5.MI,11/02/2014,227.79,227.79,227.79,227.79,0
CS5.MI,12/02/2014,229.26,229.26,229.26,229.26,0
CS5.MI,13/02/2014,228.52,228.52,228.52,228.52,0
CS5.MI,14/02/2014,229.23,229.23,229.23,229.23,0
CS5.MI,17/02/2014,231.01,231.01,230.77,230.77,2
CS5.MI,18/02/2014,230.62,230.62,230.62,230.62,0
CS5.MI,19/02/2014,231.79,231.79,231.79,231.79,0
CS5.MI,20/02/2014,231.95,231.95,231.95,231.95,0
CS5.MI,21/02/2014,232.06,232.06,232.06,232.06,0
CS5.MI,24/02/2014,233.13,233.13,233.13,233.13,0
CS5.MI,25/02/2014,234.44,234.44,234.44,234.44,0
CS5.MI,26/02/2014,233.76,234.74,233.76,234.74,17
CS5.MI,27/02/2014,234.47,234.47,234.47,234.47,0
CS5.MI,28/02/2014,234.25,234.25,234.25,234.25,0
CS5.MI,03/03/2014,231.02,231.02,231.02,231.02,0
CS5.MI,04/03/2014,234.81,234.81,234.81,234.81,0
CS5.MI,05/03/2014,234.89,234.89,234.89,234.89,0
CS5.MI,06/03/2014,234.19,234.19,234.19,234.19,0
CS5.MI,07/03/2014,232.39,232.39,232.39,232.39,0
CS5.MI,10/03/2014,231.71,231.71,231.71,231.71,0
CS5.MI,11/03/2014,231.18,231.18,231.18,231.18,0
CS5.MI,12/03/2014,228.79,228.79,228.79,228.79,0
CS5.MI,13/03/2014,226.4,226.4,226.4,226.4,0
CS5.MI,14/03/2014,226.06,226.06,226.06,226.06,0
CS5.MI,17/03/2014,225.43,225.43,225.43,225.43,0
CS5.MI,18/03/2014,226.93,226.93,226.93,226.93,0
CS5.MI,19/03/2014,226.68,226.68,226.68,226.68,0
CS5.MI,20/03/2014,225.73,225.73,225.73,225.73,0
CS5.MI,21/03/2014,227.16,227.16,227.16,227.16,0
CS5.MI,24/03/2014,226.94,226.94,226.94,226.94,0
CS5.MI,25/03/2014,230,230,230,230,0
CS5.MI,26/03/2014,231.58,231.58,231.58,231.58,0
CS5.MI,27/03/2014,233.54,233.54,233.54,233.54,0
CS5.MI,28/03/2014,234.7,235.61,234.7,235.61,29
CS5.MI,31/03/2014,234.96,234.96,234.96,234.96,0
CS5.MI,01/04/2014,234.38,234.38,234.38,234.38,0
CS5.MI,02/04/2014,235.59,235.59,235.59,235.59,0
CS5.MI,03/04/2014,235.26,235.26,235.26,235.26,0
CS5.MI,04/04/2014,236.26,236.26,236.26,236.26,0
CS5.MI,07/04/2014,234.89,234.89,234.89,234.89,0
CS5.MI,08/04/2014,237.18,237.18,237.18,237.18,0
CS5.MI,09/04/2014,237.14,237.14,237.14,237.14,0
CS5.MI,10/04/2014,237.14,237.14,237.14,237.14,0
CS5.MI,11/04/2014,235.21,235.21,235.21,235.21,0
CS5.MI,14/04/2014,239.38,239.38,239.38,239.38,0
CS5.MI,15/04/2014,238.2,238.2,238.2,238.2,0
CS5.MI,16/04/2014,238.99,238.99,238.99,238.99,0
CS5.MI,17/04/2014,236.85,238.39,236.85,238.39,15
CS5.MI,22/04/2014,240.11,240.11,240.11,240.11,0
CS5.MI,23/04/2014,239.36,239.36,239.36,239.36,0
CS5.MI,24/04/2014,239.21,239.21,239.21,239.21,0
CS5.MI,25/04/2014,238.52,238.52,238.52,238.52,0
CS5.MI,28/04/2014,240.45,240.45,240.45,240.45,0
CS5.MI,29/04/2014,242.27,242.27,242.27,242.27,0
CS5.MI,30/04/2014,242.27,242.27,241.47,241.47,20
CS5.MI,02/05/2014,239.54,239.54,239.54,239.54,0
CS5.MI,05/05/2014,240.03,240.03,240.03,240.03,0
CS5.MI,06/05/2014,239.61,239.61,239.54,239.54,10
CS5.MI,07/05/2014,241.63,241.63,241.63,241.63,0
CS5.MI,08/05/2014,243.92,243.92,243.92,243.92,0
CS5.MI,09/05/2014,244.9,244.9,244.9,244.9,0
CS5.MI,12/05/2014,246.24,246.24,246.24,246.24,0
CS5.MI,13/05/2014,246.94,246.94,246.94,246.94,0
CS5.MI,14/05/2014,247.48,247.48,247.48,247.48,0
CS5.MI,15/05/2014,248.97,248.97,248.97,248.97,0
CS5.MI,16/05/2014,251.78,251.78,251.78,251.78,0
CS5.MI,19/05/2014,252.19,252.19,251.84,251.84,10
CS5.MI,20/05/2014,250.21,250.21,250.21,250.21,0
CS5.MI,21/05/2014,250.87,250.87,250.87,250.87,0
CS5.MI,22/05/2014,251.69,251.69,251.69,251.69,0
CS5.MI,23/05/2014,250.52,250.52,250.52,250.52,0
CS5.MI,26/05/2014,250.8,250.96,250.8,250.96,10
CS5.MI,27/05/2014,250.28,250.45,250.28,250.45,20
CS5.MI,28/05/2014,249.35,249.35,249.35,249.35,0
CS5.MI,29/05/2014,250.96,250.96,250.96,250.96,0
CS5.MI,30/05/2014,251.64,251.64,251.64,251.64,0
CS5.MI,02/06/2014,251.11,251.11,251.11,251.11,0
CS5.MI,03/06/2014,250.65,250.65,250.65,250.65,0
CS5.MI,04/06/2014,250.57,250.57,250.03,250.03,19
CS5.MI,05/06/2014,250.75,255,250.19,250.19,48
CS5.MI,06/06/2014,248.1,248.92,247.83,248,148
CS5.MI,09/06/2014,248.6,249.38,248.6,249.38,96
CS5.MI,10/06/2014,250.4,251.9,250.16,251.9,129
CS5.MI,11/06/2014,252.81,252.81,252.12,252.12,12
CS5.MI,12/06/2014,253.4,253.74,252.63,252.88,102
CS5.MI,13/06/2014,252.74,253.21,251.61,251.64,80
CS5.MI,16/06/2014,252.25,252.25,251.24,251.32,113
CS5.MI,17/06/2014,251.82,252.45,251.82,252.45,69
CS5.MI,18/06/2014,252.53,252.53,251.41,251.41,17
CS5.MI,19/06/2014,254.05,254.05,253.18,253.18,63
CS5.MI,20/06/2014,254.26,254.26,254.26,254.26,0
CS5.MI,23/06/2014,252.96,252.96,252.96,252.96,0
CS5.MI,24/06/2014,252.55,253.07,252.55,253.07,7
CS5.MI,25/06/2014,250.44,250.83,250.39,250.39,24
CS5.MI,26/06/2014,249.24,249.47,249.24,249.47,20
CS5.MI,27/06/2014,249.55,249.55,249.55,249.55,0
CS5.MI,30/06/2014,255,255,250.1,250.41,67
CS5.MI,01/07/2014,252.22,252.22,252.22,252.22,0
CS5.MI,02/07/2014,252.58,252.58,252.58,252.58,0
CS5.MI,03/07/2014,255.13,255.13,255.13,255.13,0
CS5.MI,04/07/2014,255.11,255.66,255.03,255.03,66
CS5.MI,07/07/2014,252.83,252.83,252.83,252.83,0
CS5.MI,08/07/2014,251.72,251.72,251.53,251.53,3
CS5.MI,09/07/2014,250.7,250.7,250.7,250.7,0
CS5.MI,10/07/2014,249.08,249.08,249.08,249.08,0
CS5.MI,11/07/2014,248.97,248.97,248.92,248.92,27
CS5.MI,14/07/2014,251.71,251.71,251.71,251.71,0
CS5.MI,15/07/2014,251.57,251.57,250.32,250.32,40
CS5.MI,16/07/2014,251.89,251.89,251.89,251.89,0
CS5.MI,17/07/2014,251.65,251.65,251.65,251.65,0
CS5.MI,18/07/2014,251.53,251.75,251.25,251.75,17
CS5.MI,21/07/2014,250.67,250.73,250.43,250.43,32
CS5.MI,22/07/2014,251.18,252.64,251.18,252.64,12
CS5.MI,23/07/2014,253.32,253.32,253.12,253.12,8
CS5.MI,24/07/2014,252.11,252.11,252.11,252.11,0
CS5.MI,25/07/2014,249.36,249.36,249.36,249.36,0
CS5.MI,28/07/2014,249.98,249.98,249.98,249.98,0
CS5.MI,29/07/2014,250.83,250.83,250.83,250.83,0
CS5.MI,30/07/2014,248.33,248.33,248.33,248.33,0
CS5.MI,31/07/2014,244.89,244.89,244.89,244.89,0
CS5.MI,01/08/2014,241.87,241.87,241.15,241.57,1524
CS5.MI,04/08/2014,242.2,242.2,241.04,241.04,22
CS5.MI,05/08/2014,244.07,244.07,243.38,243.38,9
CS5.MI,06/08/2014,242.99,242.99,242.99,242.99,0
CS5.MI,07/08/2014,243.3,245,243.3,243.91,875
CS5.MI,08/08/2014,240.68,240.68,240.68,240.68,0
CS5.MI,11/08/2014,242.94,242.94,242.94,242.94,0
CS5.MI,12/08/2014,242.64,242.64,242.64,242.64,0
CS5.MI,13/08/2014,243.54,243.54,243.54,243.54,0
CS5.MI,14/08/2014,245.33,245.33,245.33,245.33,0
CS5.MI,18/08/2014,247.52,247.52,247.52,247.52,0
CS5.MI,19/08/2014,248.86,248.86,248.86,248.86,0
CS5.MI,20/08/2014,248.45,248.45,248.45,248.45,0
CS5.MI,21/08/2014,249.09,249.09,249.09,249.09,0
CS5.MI,22/08/2014,248.1,248.1,248.1,248.1,0
CS5.MI,25/08/2014,250.83,251.56,250.36,251.56,868
CS5.MI,26/08/2014,251.62,251.62,251.62,251.62,0
CS5.MI,27/08/2014,251.62,251.62,251.62,251.62,0
CS5.MI,28/08/2014,251.03,251.03,251.03,251.03,0
CS5.MI,29/08/2014,251.13,251.13,251.13,251.13,0
CS5.MI,01/09/2014,252.09,252.09,252.09,252.09,0
CS5.MI,02/09/2014,252.88,252.88,252.69,252.69,9
CS5.MI,03/09/2014,255.07,259.8,254.19,254.19,34
CS5.MI,04/09/2014,253.81,257.02,253.81,257.02,19
CS5.MI,05/09/2014,255.57,255.57,255.46,255.46,7
CS5.MI,08/09/2014,254.33,254.33,254.33,254.33,0
CS5.MI,09/09/2014,254.08,254.08,254.08,254.08,0
CS5.MI,10/09/2014,253.71,253.71,253.71,253.71,0
CS5.MI,11/09/2014,253.66,253.66,253.66,253.66,0
CS5.MI,12/09/2014,253.14,253.14,253.14,253.14,0
CS5.MI,15/09/2014,255.28,255.28,255.28,255.28,0
CS5.MI,16/09/2014,254.33,254.33,254.33,254.33,0
CS5.MI,17/09/2014,253.44,253.44,253.44,253.44,0
CS5.MI,18/09/2014,254.77,254.77,254.5,254.5,13
CS5.MI,19/09/2014,256.63,256.63,255.7,255.7,20
CS5.MI,22/09/2014,253.94,253.94,253.94,253.94,0
CS5.MI,23/09/2014,250.32,250.32,250.32,250.32,0
CS5.MI,24/09/2014,249.11,251.8,249.11,251.8,2068
CS5.MI,25/09/2014,249.15,249.15,249.15,249.15,0
CS5.MI,26/09/2014,249.54,249.54,249.54,249.54,0
CS5.MI,29/09/2014,248.93,248.93,248.93,248.93,0
CS5.MI,30/09/2014,251.37,251.37,251.37,251.37,0
CS5.MI,01/10/2014,248.37,248.37,248.37,248.37,0
CS5.MI,02/10/2014,244.99,244.99,244.99,244.99,0
CS5.MI,03/10/2014,244.45,245.24,244.45,245.24,10
CS5.MI,06/10/2014,245.53,245.53,245.53,245.53,0
CS5.MI,07/10/2014,243.13,243.13,243.13,243.13,0
CS5.MI,08/10/2014,242.78,242.78,242.78,242.78,0
CS5.MI,09/10/2014,243.38,243.38,243.38,243.38,0
CS5.MI,10/10/2014,241.37,241.37,241.37,241.37,0
CS5.MI,13/10/2014,239.57,239.57,239.43,239.43,8
CS5.MI,14/10/2014,239.22,239.22,239.22,239.22,0
CS5.MI,15/10/2014,234.57,234.57,234.57,234.57,0
CS5.MI,16/10/2014,231.67,231.67,231.67,231.67,0
CS5.MI,17/10/2014,237.66,237.66,237.66,237.66,0
CS5.MI,20/10/2014,236.99,238.37,236.99,238.37,15
CS5.MI,21/10/2014,239.22,240.81,239.05,240.81,2168
CS5.MI,22/10/2014,241.26,241.26,241.26,241.26,0
CS5.MI,23/10/2014,240.38,240.56,240.38,240.56,15
CS5.MI,24/10/2014,239.45,239.64,239.21,239.64,663
CS5.MI,27/10/2014,240.79,240.79,240.79,240.79,0
CS5.MI,28/10/2014,243.08,243.08,243.08,243.08,0
CS5.MI,29/10/2014,244.89,244.98,244.89,244.98,10
CS5.MI,30/10/2014,245.82,245.82,245.82,245.82,0
CS5.MI,31/10/2014,249.38,249.38,249.38,249.38,0
CS5.MI,03/11/2014,247.98,247.98,247.98,247.98,0
CS5.MI,04/11/2014,247.73,247.73,247.73,247.73,0
CS5.MI,05/11/2014,250.99,250.99,250.99,250.99,0
CS5.MI,06/11/2014,253.03,253.03,253.03,253.03,0
CS5.MI,07/11/2014,251.18,251.18,251.18,251.18,0
CS5.MI,10/11/2014,252.66,253.54,252.66,253.54,328
CS5.MI,11/11/2014,255.5,255.55,255.5,255.55,8
CS5.MI,12/11/2014,253.87,253.89,253.87,253.89,3
CS5.MI,13/11/2014,255.98,255.98,255.98,255.98,0
CS5.MI,14/11/2014,254.85,254.85,254.85,254.85,0
CS5.MI,17/11/2014,255.79,255.79,255.79,255.79,0
CS5.MI,18/11/2014,255.77,255.77,255.77,255.77,0
CS5.MI,19/11/2014,256,256,255.9,255.9,20
CS5.MI,20/11/2014,256.58,256.58,256.58,256.58,0
CS5.MI,21/11/2014,259.48,259.8,259.48,259.8,30
CS5.MI,24/11/2014,260.3,260.96,259.8,259.8,37
CS5.MI,25/11/2014,260.06,260.32,258.58,258.58,18
CS5.MI,26/11/2014,260.05,260.05,258.83,258.83,17
CS5.MI,27/11/2014,260.92,260.92,260.92,260.92,0
CS5.MI,28/11/2014,261.35,263.64,261.35,263.64,4
CS5.MI,01/12/2014,261.54,261.54,261.54,261.54,0
CS5.MI,02/12/2014,263.11,263.11,262.16,262.16,19
CS5.MI,03/12/2014,262.12,262.12,262.12,262.12,0
CS5.MI,04/12/2014,259.72,259.72,259.72,259.72,0
CS5.MI,05/12/2014,263.26,263.26,263.26,263.26,0
CS5.MI,08/12/2014,262.07,262.07,262.07,262.07,0
CS5.MI,09/12/2014,256.75,256.75,256.75,256.75,0
CS5.MI,10/12/2014,256.77,256.77,256.77,256.77,0
CS5.MI,11/12/2014,255.99,255.99,255.99,255.99,0
CS5.MI,12/12/2014,249.9,249.9,249.9,249.9,0
CS5.MI,15/12/2014,244.61,244.61,244.61,244.61,0
CS5.MI,16/12/2014,246.82,246.82,246.82,246.82,0
CS5.MI,17/12/2014,247.37,247.37,247.37,247.37,0
CS5.MI,18/12/2014,248.77,254.36,248.77,254.36,11
CS5.MI,19/12/2014,255.15,257.39,255.15,257.39,9
CS5.MI,22/12/2014,258.32,258.32,258.32,258.32,0
CS5.MI,23/12/2014,259.91,259.91,259.91,259.91,0
CS5.MI,29/12/2014,260.45,260.45,260.45,260.45,0
CS5.MI,30/12/2014,258.5,258.58,257.8,257.8,17
CS5.MI,02/01/2015,256.79,256.79,256.79,256.79,0
CS5.MI,05/01/2015,253.53,253.53,253,253,17
CS5.MI,06/01/2015,251.96,251.96,251.96,251.96,0
CS5.MI,07/01/2015,253.23,253.23,253.23,253.23,0
CS5.MI,08/01/2015,256.33,261.92,256.33,261.92,14
CS5.MI,09/01/2015,258.63,258.63,258.63,258.63,0
CS5.MI,12/01/2015,262.23,262.23,262.23,262.23,0
CS5.MI,13/01/2015,265.25,265.91,265.25,265.91,1302
CS5.MI,14/01/2015,264.76,264.76,264.76,264.76,0
CS5.MI,15/01/2015,267.28,275.05,267.16,275.05,267
CS5.MI,16/01/2015,277.44,277.44,276.94,276.94,8
CS5.MI,19/01/2015,276.24,276.24,276.24,276.24,0
CS5.MI,20/01/2015,277.4,277.4,277.4,277.4,0
CS5.MI,21/01/2015,280.27,280.27,279.2,279.2,25
CS5.MI,22/01/2015,282.11,283.06,282.11,283.06,3
CS5.MI,23/01/2015,289.76,291.85,289.12,291.85,122
CS5.MI,26/01/2015,293.82,293.82,292.28,292.28,2
CS5.MI,27/01/2015,293.01,293.01,289.56,290.88,41
CS5.MI,28/01/2015,291.47,291.47,291.47,291.47,0
CS5.MI,29/01/2015,293.35,294.35,293.35,294.19,21
CS5.MI,30/01/2015,293.47,293.47,292.3,292.3,34
CS5.MI,02/02/2015,291.58,291.58,291.58,291.58,0
CS5.MI,03/02/2015,292.49,293.21,289.44,293.21,7
CS5.MI,04/02/2015,293.25,293.25,289.47,289.47,25
CS5.MI,05/02/2015,291.01,291.01,290,290,108
CS5.MI,06/02/2015,289.76,289.76,289.76,289.76,0
CS5.MI,09/02/2015,288.96,288.96,288.96,288.96,0
CS5.MI,10/02/2015,291.69,291.69,290.88,291.69,19
CS5.MI,11/02/2015,290.02,290.86,290.02,290.19,1968
CS5.MI,12/02/2015,289.48,289.48,289.48,289.48,0
CS5.MI,13/02/2015,288.7,288.7,287.4,288.7,21
CS5.MI,16/02/2015,287.09,287.09,286.62,287.09,11
CS5.MI,17/02/2015,287.8,289.66,287.8,288.59,33
CS5.MI,18/02/2015,289.84,289.84,288.83,289.05,25
CS5.MI,19/02/2015,289,292.22,289,292.18,55
CS5.MI,20/02/2015,291.87,292.45,291.87,292.45,29
CS5.MI,23/02/2015,293.94,296.53,293.94,295.1,97
CS5.MI,24/02/2015,297.52,298.6,297.36,298.1,62
CS5.MI,25/02/2015,297.63,297.63,296.77,296.77,90
CS5.MI,26/02/2015,303.13,303.13,303.13,303.13,0
CS5.MI,27/02/2015,304.89,304.89,304.89,304.89,0
CS5.MI,02/03/2015,302.65,303.4,302.65,302.65,10
CS5.MI,03/03/2015,306.34,306.34,303.08,303.69,29
CS5.MI,04/03/2015,303.04,305.84,302.24,305.65,108
CS5.MI,05/03/2015,308.31,309.6,308.19,309.53,416
CS5.MI,06/03/2015,311.45,311.45,309.41,310.1,299
CS5.MI,09/03/2015,310.05,310.05,307.45,307.72,22
CS5.MI,10/03/2015,308.56,308.56,304.48,304.48,197
CS5.MI,11/03/2015,306.95,307.07,306.95,306.95,260
CS5.MI,12/03/2015,307.51,307.66,306.79,307.46,97
CS5.MI,13/03/2015,307.5,308.08,306.82,306.82,10
CS5.MI,16/03/2015,309.16,310.75,309.16,310.62,62
CS5.MI,17/03/2015,310.61,310.61,307.5,307.5,47
CS5.MI,18/03/2015,309.43,310.38,309.43,310,88
CS5.MI,19/03/2015,312.54,312.54,310.92,312.54,20
CS5.MI,20/03/2015,311.1,311.1,311.1,311.1,0
CS5.MI,23/03/2015,309.66,313.34,307.96,307.96,127
CS5.MI,24/03/2015,309.23,309.23,308.25,309.23,6
CS5.MI,25/03/2015,309.23,309.23,303.17,309.23,7
CS5.MI,26/03/2015,298.43,300.56,298.43,298.83,102
CS5.MI,27/03/2015,302.22,302.52,302.22,302.22,50
CS5.MI,30/03/2015,309.84,309.84,304.32,304.32,267
CS5.MI,31/03/2015,305.67,305.67,303.26,304.54,86
CS5.MI,01/04/2015,303.79,303.79,303.79,303.79,0
CS5.MI,02/04/2015,303.05,304.91,303.05,304.39,65
CS5.MI,07/04/2015,308.16,309.36,308.16,308.16,14
CS5.MI,08/04/2015,308.39,310.44,308.39,309.39,45
CS5.MI,09/04/2015,312.37,313.25,312.37,312.37,30
CS5.MI,10/04/2015,315.25,317.02,315.25,315.25,60
CS5.MI,13/04/2015,316.18,316.18,316.18,316.18,0
CS5.MI,14/04/2015,315.57,315.94,315.1,315.1,50
CS5.MI,15/04/2015,318.82,318.82,318.82,318.82,0
CS5.MI,16/04/2015,317.93,319.46,317.93,318.98,38
CS5.MI,17/04/2015,318.73,318.73,315.08,316.16,6
CS5.MI,20/04/2015,315.4,315.4,315.4,315.4,0
CS5.MI,21/04/2015,316.86,317.21,316.86,316.86,35
CS5.MI,22/04/2015,314.66,314.66,314.66,314.66,0
CS5.MI,23/04/2015,313.61,313.61,313.61,313.61,0
CS5.MI,24/04/2015,313.61,315.37,313.61,313.61,31
CS5.MI,27/04/2015,312.33,316.79,312.33,316.19,21
CS5.MI,28/04/2015,311.92,311.92,311.92,311.92,0
CS5.MI,29/04/2015,304.34,304.34,304.34,304.34,0
CS5.MI,30/04/2015,302.79,302.79,302.79,302.79,0
CS5.MI,04/05/2015,304.07,304.07,304.07,304.07,0
CS5.MI,05/05/2015,304.42,305.9,299.06,304.58,26
CS5.MI,06/05/2015,299.4,299.4,297.22,299.4,10
CS5.MI,07/05/2015,294.23,298.93,293.08,297.3,59
CS5.MI,08/05/2015,302.51,305.77,302.51,303.26,27
CS5.MI,11/05/2015,307,307.57,306.21,306.21,34
CS5.MI,12/05/2015,302.02,303.36,301.34,301.34,21
CS5.MI,13/05/2015,300.5,300.5,300.5,300.5,0
CS5.MI,14/05/2015,302.09,304.19,302.09,302.87,15
CS5.MI,15/05/2015,304.57,304.57,302.92,304.57,7
CS5.MI,18/05/2015,301.25,303.77,301.25,301.25,7
CS5.MI,19/05/2015,309.84,309.84,309.84,309.84,0
CS5.MI,20/05/2015,309,311.34,309,310.2,227
CS5.MI,21/05/2015,311.45,311.45,311.45,311.45,0
CS5.MI,22/05/2015,311.47,311.47,311.47,311.47,0
CS5.MI,25/05/2015,310.77,310.77,310.77,310.77,0
CS5.MI,26/05/2015,312.23,312.23,309.78,312.23,10
CS5.MI,27/05/2015,313.85,313.85,313.85,313.85,0
CS5.MI,28/05/2015,313.98,313.98,313.67,313.98,7
CS5.MI,29/05/2015,308.98,308.98,308.98,308.98,0
CS5.MI,01/06/2015,308.08,308.08,308.08,308.08,0
CS5.MI,02/06/2015,302.2,302.2,301.55,302.2,1
CS5.MI,03/06/2015,301.04,301.04,301.04,301.04,0
CS5.MI,04/06/2015,299.08,299.08,299.08,299.08,0
CS5.MI,05/06/2015,295.25,295.25,295.25,295.25,0
CS5.MI,08/06/2015,295.76,295.76,295.48,295.76,651
CS5.MI,09/06/2015,293.26,293.26,293.26,293.26,0
CS5.MI,10/06/2015,297.51,297.51,297.51,297.51,0
CS5.MI,11/06/2015,299.54,299.54,299.54,299.54,0
CS5.MI,12/06/2015,298.7,298.7,297.29,298.7,50
CS5.MI,15/06/2015,294.57,295.22,294.57,294.57,2
CS5.MI,16/06/2015,298.07,298.07,298.07,298.07,0
CS5.MI,17/06/2015,296.83,296.83,296.83,296.83,0
CS5.MI,18/06/2015,296.59,296.59,296.59,296.59,0
CS5.MI,19/06/2015,298.05,298.05,298.05,298.05,0
CS5.MI,22/06/2015,301.5,301.5,301.5,301.5,0
CS5.MI,23/06/2015,305.81,305.81,305.81,305.81,0
CS5.MI,24/06/2015,305.03,305.03,305.03,305.03,0
CS5.MI,25/06/2015,303.04,303.04,303.04,303.04,0
CS5.MI,26/06/2015,304.85,304.85,304.85,304.85,0
CS5.MI,29/06/2015,297.28,297.28,297.28,297.28,0
CS5.MI,30/06/2015,294.64,294.64,294.64,294.64,0
CS5.MI,01/07/2015,297.36,297.36,297.36,297.36,0
CS5.MI,02/07/2015,296.12,296.12,296.12,296.12,0
CS5.MI,03/07/2015,294.49,294.49,294.49,294.49,0
CS5.MI,06/07/2015,293.41,293.41,293.41,293.41,0
CS5.MI,07/07/2015,292.19,292.19,292.19,292.19,0
CS5.MI,08/07/2015,291.85,291.85,291.85,291.85,0
CS5.MI,09/07/2015,298.27,298.27,298.27,298.27,0
CS5.MI,10/07/2015,303.29,303.29,303.29,303.29,0
CS5.MI,13/07/2015,307.76,307.76,307.76,307.76,0
CS5.MI,14/07/2015,310.5,310.5,310.5,310.5,0
CS5.MI,15/07/2015,311.96,311.96,311.96,311.96,0
CS5.MI,16/07/2015,315.72,315.72,315.72,315.72,0
CS5.MI,17/07/2015,316.76,316.76,316.76,316.76,0
CS5.MI,20/07/2015,317.11,317.11,317.11,317.11,0
CS5.MI,21/07/2015,311.17,313.93,311.17,311.17,5
CS5.MI,22/07/2015,313.18,313.18,313.18,313.18,0
CS5.MI,23/07/2015,311.51,311.51,311.51,311.51,0
CS5.MI,24/07/2015,309.05,309.05,309.05,309.05,0
CS5.MI,27/07/2015,302.5,302.5,302.5,302.5,0
CS5.MI,28/07/2015,305.8,305.8,305.17,305.43,20
CS5.MI,29/07/2015,309.41,309.41,309.41,309.41,0
CS5.MI,30/07/2015,309,310.65,309,309,10
CS5.MI,31/07/2015,309.94,309.94,309.94,309.94,0
CS5.MI,03/08/2015,313.93,313.93,313.93,313.93,0
CS5.MI,04/08/2015,314.15,314.15,314.15,314.15,0
CS5.MI,05/08/2015,317.94,317.94,317.94,317.94,0
CS5.MI,06/08/2015,317.03,317.03,317.03,317.03,0
CS5.MI,07/08/2015,315.12,315.12,313.64,315.12,20
CS5.MI,10/08/2015,314.53,314.53,314.53,314.53,0
CS5.MI,11/08/2015,309.74,309.74,309.59,309.74,1
CS5.MI,12/08/2015,298.79,298.79,298.79,298.79,0
CS5.MI,13/08/2015,304.52,304.52,304.52,304.52,0
CS5.MI,14/08/2015,304.86,304.86,304.86,304.86,0
CS5.MI,17/08/2015,305.35,305.35,305.35,305.35,0
CS5.MI,18/08/2015,306.12,306.12,306.06,306.12,10
CS5.MI,19/08/2015,302.2,302.2,301.08,302.2,2
CS5.MI,20/08/2015,295.05,295.05,295.05,295.05,0
CS5.MI,21/08/2015,286.21,286.21,286.21,286.21,0
CS5.MI,24/08/2015,272.63,272.63,271.23,272.63,50
CS5.MI,25/08/2015,274.14,280.79,274.14,274.14,2068
CS5.MI,26/08/2015,277.55,277.55,277.55,277.55,0
CS5.MI,27/08/2015,284.43,284.43,284.43,284.43,0
CS5.MI,28/08/2015,284.37,284.37,284.37,284.37,0
CS5.MI,31/08/2015,284.29,284.29,284.29,284.29,0
CS5.MI,01/09/2015,278.76,278.76,278.76,278.76,0
CS5.MI,02/09/2015,280,280.28,280,280,22
CS5.MI,03/09/2015,284.98,284.98,284.98,284.98,0
CS5.MI,04/09/2015,279.49,279.49,279.49,279.49,0
CS5.MI,07/09/2015,280.95,280.95,280.54,280.95,10
CS5.MI,08/09/2015,282.13,282.33,281.99,282.33,17
CS5.MI,09/09/2015,286.51,286.51,286.51,286.51,0
CS5.MI,10/09/2015,282.41,282.41,282.41,282.41,0
CS5.MI,11/09/2015,278.82,278.82,278.82,278.82,0
CS5.MI,14/09/2015,278.87,278.87,278.87,278.87,0
CS5.MI,15/09/2015,281.52,281.52,281.52,281.52,0
CS5.MI,16/09/2015,285.97,291.02,285.97,285.97,23
CS5.MI,17/09/2015,291.58,291.69,291.58,291.58,25
CS5.MI,18/09/2015,289.37,289.37,289.37,289.37,0
CS5.MI,21/09/2015,291.84,292.47,291.84,291.84,20
CS5.MI,22/09/2015,283.75,283.75,283.75,283.75,0
CS5.MI,23/09/2015,285.28,285.28,285.08,285.11,17
CS5.MI,24/09/2015,279.24,279.24,279.24,279.24,0
CS5.MI,25/09/2015,291,291,287,287,10
CS5.MI,28/09/2015,284.56,284.56,284.56,284.56,0
CS5.MI,29/09/2015,282.13,282.13,282.13,282.13,0
CS5.MI,30/09/2015,289.99,289.99,289.99,289.99,0
CS5.MI,01/10/2015,288.15,288.15,288.15,288.15,0
CS5.MI,02/10/2015,289.54,289.54,289.54,289.54,0
CS5.MI,05/10/2015,296.24,296.24,296.24,296.24,0
CS5.MI,06/10/2015,297.62,297.62,297.62,297.62,0
CS5.MI,07/10/2015,299.78,299.78,295.48,299.78,17
CS5.MI,08/10/2015,297.32,297.32,297.32,297.32,0
CS5.MI,09/10/2015,298.88,298.88,297.72,298.88,50
CS5.MI,12/10/2015,298.92,298.92,298.92,298.92,0
CS5.MI,13/10/2015,299.66,299.66,299.66,299.66,0
CS5.MI,14/10/2015,297.95,297.95,297.95,297.95,0
CS5.MI,15/10/2015,303.48,303.48,303.48,303.48,0
CS5.MI,16/10/2015,303.33,303.88,303.33,303.33,10
CS5.MI,19/10/2015,305.49,305.49,305.49,305.49,0
CS5.MI,20/10/2015,304.26,304.26,304.26,304.26,0
CS5.MI,21/10/2015,304.6,304.6,304.46,304.6,50
CS5.MI,22/10/2015,311.37,311.37,311.37,311.37,0
CS5.MI,23/10/2015,315.39,315.39,315.39,315.39,0
CS5.MI,26/10/2015,314.06,314.06,314.06,314.06,0
CS5.MI,27/10/2015,312.34,312.34,312.34,312.34,0
CS5.MI,28/10/2015,314.83,314.83,314.83,314.83,0
CS5.MI,29/10/2015,317,317,317,317,0
CS5.MI,30/10/2015,315.96,315.96,315.96,315.96,0
CS5.MI,02/11/2015,314.25,314.25,314.25,314.25,0
CS5.MI,03/11/2015,315.9,315.9,315.9,315.9,0
CS5.MI,04/11/2015,319.57,319.57,319.43,319.57,6
CS5.MI,05/11/2015,319.37,319.37,319.37,319.37,0
CS5.MI,06/11/2015,316.27,317.09,316.27,316.27,10
CS5.MI,09/11/2015,315.15,315.15,314.27,315.15,5
CS5.MI,10/11/2015,315.27,315.27,315.27,315.27,0
CS5.MI,11/11/2015,319.2,319.48,319.2,319.2,125
CS5.MI,12/11/2015,317.34,317.34,317.34,317.34,0
CS5.MI,13/11/2015,312.64,312.64,312.64,312.64,0
CS5.MI,16/11/2015,312.77,312.77,312.77,312.77,1
CS5.MI,17/11/2015,322.12,322.12,322.12,322.12,0
CS5.MI,18/11/2015,321.76,322,321.76,321.76,60
CS5.MI,19/11/2015,323.96,323.96,322.65,323.96,18
CS5.MI,20/11/2015,325.23,325.23,325.23,325.23,0
CS5.MI,23/11/2015,324.83,324.83,324.83,324.83,0
CS5.MI,24/11/2015,320.37,320.37,320.37,320.37,0
CS5.MI,25/11/2015,325.43,325.43,325.43,325.43,0
CS5.MI,26/11/2015,326.79,326.79,326.79,326.79,0
CS5.MI,27/11/2015,326.51,326.51,326.51,326.51,0
CS5.MI,30/11/2015,327.74,327.74,325.4,326.62,174
CS5.MI,01/12/2015,324.43,324.43,324.43,324.43,0
CS5.MI,02/12/2015,326.15,326.35,326.15,326.15,25
CS5.MI,03/12/2015,319.85,319.85,315.56,319.85,4
CS5.MI,04/12/2015,313.76,314.17,313.76,313.76,5
CS5.MI,07/12/2015,317.66,317.66,317.66,317.66,0
CS5.MI,08/12/2015,313.94,313.94,313.94,313.94,0
CS5.MI,09/12/2015,313.17,313.17,310.92,313.17,10
CS5.MI,10/12/2015,310.02,310.11,310.02,310.02,50
CS5.MI,11/12/2015,305.49,305.49,304.55,304.68,23
CS5.MI,14/12/2015,299.99,299.99,299.99,299.99,0
CS5.MI,15/12/2015,307.6,307.7,307.6,307.6,32
CS5.MI,16/12/2015,308.06,308.06,308.06,308.06,0
CS5.MI,17/12/2015,312.72,312.72,311.82,312.72,13
CS5.MI,18/12/2015,308.98,308.98,307.7,308.98,16
CS5.MI,21/12/2015,308.19,308.19,304.17,308.19,161
CS5.MI,22/12/2015,301.54,301.54,301.54,301.54,0
CS5.MI,23/12/2015,306.41,310.38,306.41,306.41,10
CS5.MI,28/12/2015,308.3,308.3,308.3,308.3,0
CS5.MI,29/12/2015,313.18,313.18,313.18,313.18,0
CS5.MI,30/12/2015,313.3,313.3,313.3,313.3,0
CS5.MI,04/01/2016,306.41,306.41,303.63,304.87,17
CS5.MI,05/01/2016,305.64,305.82,305.64,305.64,20
CS5.MI,06/01/2016,302.5,302.5,302.5,294.95,20
CS5.MI,07/01/2016,297.03,297.03,297.03,297.03,0
CS5.MI,08/01/2016,294.26,294.26,294.26,294.26,0
CS5.MI,11/01/2016,294.41,294.41,294.41,294.41,0
CS5.MI,12/01/2016,298.02,298.02,298.02,298.02,0
CS5.MI,13/01/2016,299.88,299.88,299.88,299.88,0
CS5.MI,14/01/2016,294.95,294.95,294.95,294.95,0
CS5.MI,15/01/2016,298.51,298.51,289.08,298.51,33
CS5.MI,18/01/2016,289.93,289.93,289.93,289.93,0
CS5.MI,19/01/2016,293.31,293.52,293.31,293.31,11
CS5.MI,20/01/2016,285.46,285.46,285.46,285.46,0
CS5.MI,21/01/2016,290.63,290.63,290.63,290.63,0
CS5.MI,22/01/2016,298.94,298.94,298.94,298.94,0
CS5.MI,25/01/2016,299.07,299.07,299.07,299.07,0
CS5.MI,26/01/2016,301.07,301.44,301.07,301.07,7
CS5.MI,27/01/2016,300.51,302.73,300.51,301.67,11
CS5.MI,28/01/2016,301.73,301.73,300.97,301.73,10
CS5.MI,29/01/2016,305.37,309.02,305.37,307.6,14
CS5.MI,01/02/2016,311.24,311.24,311.24,311.24,0
CS5.MI,02/02/2016,310.39,310.39,310.39,310.39,0
CS5.MI,03/02/2016,310.48,310.48,306.15,309.59,38
CS5.MI,04/02/2016,304.5,304.5,300.23,302.65,13
CS5.MI,05/02/2016,299.74,299.74,296.87,299.74,8
CS5.MI,08/02/2016,292.35,292.35,292.35,292.35,0
CS5.MI,09/02/2016,290.26,290.26,290.26,290.26,0
CS5.MI,10/02/2016,290.74,294.9,288.16,293.06,1218
CS5.MI,11/02/2016,286.45,286.45,284.87,286.45,13
CS5.MI,12/02/2016,288.61,289.82,288.59,288.59,120
CS5.MI,15/02/2016,297.55,298.17,297.55,298.17,13
CS5.MI,16/02/2016,296.76,296.76,296.4,296.76,7
CS5.MI,17/02/2016,300.83,300.83,300.83,300.83,0
CS5.MI,18/02/2016,298.55,298.55,298.42,298.55,10
CS5.MI,19/02/2016,298.31,298.31,297.43,298.31,4
CS5.MI,22/02/2016,300.26,300.3,299.71,300.3,3405
CS5.MI,23/02/2016,298.64,298.64,298.64,298.64,0
CS5.MI,24/02/2016,294.55,294.55,293.85,294.55,8
CS5.MI,25/02/2016,297.63,297.63,297.59,297.63,10
CS5.MI,26/02/2016,299.11,299.11,299.11,299.11,0
CS5.MI,29/02/2016,296.55,300.24,296.26,297.77,17
CS5.MI,01/03/2016,303.01,305.9,303.01,303.01,22
CS5.MI,02/03/2016,304.15,304.15,304.15,304.15,0
CS5.MI,03/03/2016,301.6,301.63,301.6,301.6,19
CS5.MI,04/03/2016,303.57,305.65,303.57,305.48,36
CS5.MI,07/03/2016,304,304.43,303.11,303.11,18
CS5.MI,08/03/2016,302.87,302.87,302.87,302.87,0
CS5.MI,09/03/2016,304.92,304.92,304.92,304.92,0
CS5.MI,10/03/2016,299.79,299.79,299.79,299.79,0
CS5.MI,11/03/2016,305.57,305.57,304.8,305.57,8
CS5.MI,14/03/2016,306.12,306.12,306.12,306.12,0
CS5.MI,15/03/2016,305.08,305.08,305.08,305.08,0
CS5.MI,16/03/2016,304.13,304.13,304.13,304.13,0
CS5.MI,17/03/2016,304.23,304.23,304.23,304.23,0
CS5.MI,18/03/2016,305.83,305.83,305.83,305.83,0
CS5.MI,21/03/2016,304.72,304.72,304.72,304.72,0
CS5.MI,22/03/2016,303.6,303.6,303.6,303.6,0
CS5.MI,23/03/2016,306.89,306.89,306.89,306.89,0
CS5.MI,24/03/2016,303.54,303.54,303.54,303.54,0
CS5.MI,29/03/2016,306.06,306.06,306.06,306.06,0
CS5.MI,30/03/2016,309.48,309.48,309.48,309.48,0
CS5.MI,31/03/2016,306.03,306.03,306.03,306.03,0
CS5.MI,01/04/2016,299.17,302.42,299.17,299.17,9
CS5.MI,04/04/2016,304.5,304.5,304.5,304.5,0
CS5.MI,05/04/2016,303.38,303.38,303.38,303.38,0
CS5.MI,06/04/2016,304.6,304.6,304.6,304.6,0
CS5.MI,07/04/2016,303.83,303.83,303.83,303.83,0
CS5.MI,08/04/2016,304.66,304.66,304.66,304.66,0
CS5.MI,11/04/2016,305.19,305.19,305.19,305.19,0
CS5.MI,12/04/2016,305.33,305.33,305.33,305.33,0
CS5.MI,13/04/2016,308.16,308.16,308.16,308.16,0
CS5.MI,14/04/2016,308.15,310.83,308.15,310.24,51
CS5.MI,15/04/2016,311.3,311.3,311.3,311.3,0
CS5.MI,18/04/2016,313.04,313.04,313.04,313.04,0
CS5.MI,19/04/2016,318.77,318.77,318.77,318.77,0
CS5.MI,20/04/2016,318.62,318.62,318.62,318.62,0
CS5.MI,21/04/2016,313.69,313.69,313.69,313.69,0
CS5.MI,22/04/2016,312.21,312.21,310.61,312.21,8
CS5.MI,25/04/2016,312.09,312.09,312.09,312.09,0
CS5.MI,26/04/2016,311.55,311.55,311.55,311.55,0
CS5.MI,27/04/2016,310.93,310.93,310.93,310.93,0
CS5.MI,28/04/2016,311.26,311.26,311.26,311.26,0
CS5.MI,29/04/2016,306.79,306.79,306.79,306.79,0
CS5.MI,02/05/2016,306.49,306.49,306.49,306.49,0
CS5.MI,03/05/2016,304.63,304.63,304.63,304.63,0
CS5.MI,04/05/2016,301.5,301.5,301.5,301.5,0
CS5.MI,05/05/2016,304.42,304.42,304.42,304.42,0
CS5.MI,06/05/2016,304.89,304.89,304.89,304.89,0
CS5.MI,09/05/2016,307.83,307.83,307.83,307.83,0
CS5.MI,10/05/2016,310.12,310.12,309.94,310.12,557
CS5.MI,11/05/2016,308.66,309.19,308.66,308.66,10
CS5.MI,12/05/2016,309.14,309.14,309.14,309.14,0
CS5.MI,13/05/2016,307.83,310.71,307.25,307.25,46
CS5.MI,16/05/2016,308.7,310.41,307.92,307.92,387
CS5.MI,17/05/2016,307.83,307.83,307.83,307.83,0
CS5.MI,18/05/2016,310.01,310.01,310.01,310.01,0
CS5.MI,19/05/2016,307.09,307.09,307.09,307.09,0
CS5.MI,20/05/2016,309.77,309.77,309.77,309.77,0
CS5.MI,23/05/2016,308.88,308.88,308.88,308.88,0
CS5.MI,24/05/2016,311.82,315.85,311.82,311.82,8
CS5.MI,25/05/2016,317.18,317.18,317.05,317.18,8
CS5.MI,26/05/2016,318.46,318.46,318.46,318.46,0
CS5.MI,27/05/2016,318.91,319.29,318.91,318.91,12
CS5.MI,30/05/2016,319.3,320.17,319.3,319.57,14
CS5.MI,31/05/2016,319.33,319.33,317.91,319.33,12
CS5.MI,01/06/2016,317.98,317.98,315.66,315.99,58
CS5.MI,02/06/2016,316.66,316.66,316.66,316.66,0
CS5.MI,03/06/2016,317.79,317.79,315.26,317.67,890
CS5.MI,06/06/2016,317.06,317.06,316.42,317.06,217
CS5.MI,07/06/2016,318.44,318.44,318.44,318.44,0
CS5.MI,08/06/2016,317.25,317.25,317.17,317.25,19
CS5.MI,09/06/2016,315.24,315.24,315.24,315.24,0
CS5.MI,10/06/2016,309.72,309.72,309.72,309.72,0
CS5.MI,13/06/2016,304.38,304.38,304.38,304.38,0
CS5.MI,14/06/2016,299.93,299.93,299.93,299.93,0
CS5.MI,15/06/2016,302.45,302.45,302.45,302.45,0
CS5.MI,16/06/2016,302.93,302.93,302.93,302.93,0
CS5.MI,17/06/2016,301.31,301.31,301.31,301.31,0
CS5.MI,20/06/2016,311.45,311.45,311.45,311.45,0
CS5.MI,21/06/2016,312.86,315.36,312.86,312.86,4
CS5.MI,22/06/2016,316.28,316.28,316.28,316.28,0
CS5.MI,23/06/2016,316.4,316.4,316.4,316.4,0
CS5.MI,24/06/2016,308.39,308.39,307.18,308.39,125
CS5.MI,27/06/2016,302.69,302.69,302.69,302.69,0
CS5.MI,28/06/2016,308.8,308.8,307.61,308.8,6
CS5.MI,29/06/2016,312.06,312.06,312.06,312.06,2
CS5.MI,30/06/2016,315.8,315.8,315.8,315.8,0
CS5.MI,01/07/2016,324.11,324.11,323.95,324.11,2
CS5.MI,04/07/2016,324.23,324.23,324.23,324.23,0
CS5.MI,05/07/2016,322.53,322.53,322.53,322.53,0
CS5.MI,06/07/2016,317.96,317.96,317.96,317.96,0
CS5.MI,07/07/2016,321.97,322.4,321.74,322.4,48
CS5.MI,08/07/2016,321.73,322.75,319.49,319.49,31
CS5.MI,11/07/2016,322.7,324.76,322.7,323.57,33
CS5.MI,12/07/2016,324.98,325.15,323.55,323.55,409
CS5.MI,13/07/2016,323.55,324.9,323.43,324.71,127
CS5.MI,14/07/2016,326.37,326.37,325,325.48,54
CS5.MI,15/07/2016,329.33,329.33,323.89,323.89,11
CS5.MI,18/07/2016,324.85,324.85,324.85,324.85,0
CS5.MI,19/07/2016,322.36,323.91,322.36,323.91,31
CS5.MI,20/07/2016,324.21,325.01,323.89,324.66,91
CS5.MI,21/07/2016,324.06,324.06,324.06,324.06,0
CS5.MI,22/07/2016,323.01,324.49,322.67,324.28,114
CS5.MI,25/07/2016,327.12,327.5,325.23,326.39,93
CS5.MI,26/07/2016,325.83,326.24,325.77,326.24,107
CS5.MI,27/07/2016,324.29,324.29,322.68,322.88,34
CS5.MI,28/07/2016,322.06,322.06,321.58,321.8,78
CS5.MI,29/07/2016,321.95,324.4,321.95,324.4,15
CS5.MI,01/08/2016,323.95,324.46,322.08,323.18,81
CS5.MI,02/08/2016,321.5,321.5,320.91,321.5,47
CS5.MI,03/08/2016,318.97,318.97,318.97,318.97,0
CS5.MI,04/08/2016,320.87,320.87,320.87,320.87,0
CS5.MI,05/08/2016,320.69,323.56,320.69,323.56,77
CS5.MI,08/08/2016,321.95,321.95,320.19,320.52,48
CS5.MI,09/08/2016,322.25,322.25,322.19,322.25,18
CS5.MI,10/08/2016,321.11,321.11,321.11,321.11,0
CS5.MI,11/08/2016,326.17,326.75,326.17,326.6,24
CS5.MI,12/08/2016,326.84,326.84,326.84,326.84,0
CS5.MI,16/08/2016,324.67,324.67,324.67,324.67,0
CS5.MI,17/08/2016,324.4,324.4,322.58,323,97
CS5.MI,18/08/2016,324.8,324.8,323.88,324.34,38
CS5.MI,19/08/2016,322.74,322.74,322.74,322.74,0
CS5.MI,22/08/2016,321.24,321.24,321.24,321.24,0
CS5.MI,23/08/2016,323.66,323.66,322.98,323.66,64
CS5.MI,24/08/2016,322.73,322.73,322.73,322.73,0
CS5.MI,25/08/2016,322.4,322.4,322.4,322.4,0
CS5.MI,26/08/2016,321.9,323.4,321.9,321.9,20
CS5.MI,29/08/2016,322,322.61,322,322,63
CS5.MI,30/08/2016,323.79,323.79,323.79,323.79,0
CS5.MI,31/08/2016,322.13,322.13,322.13,322.13,0
CS5.MI,01/09/2016,323.81,323.81,321.59,323.81,3
CS5.MI,02/09/2016,328.44,331.28,328.44,328.44,64
CS5.MI,05/09/2016,329.66,329.75,329.66,329.66,10
CS5.MI,06/09/2016,330.04,330.04,328.05,328.56,609
CS5.MI,07/09/2016,328.51,329.4,327.26,328.5,127
CS5.MI,08/09/2016,328.64,328.64,325.12,328.64,95
CS5.MI,09/09/2016,323.91,323.91,320.42,320.98,48
CS5.MI,12/09/2016,316.65,319.23,316.65,318.32,42
CS5.MI,13/09/2016,319.23,319.23,316.33,319.23,4
CS5.MI,14/09/2016,317.98,317.98,316.5,317.98,17
CS5.MI,15/09/2016,317.79,319.01,317.79,317.79,20
CS5.MI,16/09/2016,317.98,317.98,316.91,317.22,16
CS5.MI,19/09/2016,319.78,319.97,319.78,319.82,14
CS5.MI,20/09/2016,321.25,321.25,320.88,321.25,15
CS5.MI,21/09/2016,320.39,320.39,320.39,320.39,0
CS5.MI,22/09/2016,325.21,325.21,325.21,325.21,0
CS5.MI,23/09/2016,323.46,323.46,323.46,323.46,0
CS5.MI,26/09/2016,320.27,320.27,320.27,320.27,0
CS5.MI,27/09/2016,321.25,322.84,321.25,321.25,8
CS5.MI,28/09/2016,323.33,323.63,323.33,323.33,9
CS5.MI,29/09/2016,322.71,322.71,322.71,322.71,0
CS5.MI,30/09/2016,321.65,323.14,320.91,320.99,2525
CS5.MI,03/10/2016,323.23,323.23,323.23,323.23,0
CS5.MI,04/10/2016,326,326.84,326,326,4
CS5.MI,05/10/2016,321.98,321.98,320.4,321.98,6
CS5.MI,06/10/2016,318.91,318.91,318.6,318.66,83
CS5.MI,07/10/2016,315.14,315.14,313.51,313.51,33
CS5.MI,10/10/2016,313.02,315.08,313.02,313.02,40
CS5.MI,11/10/2016,314.95,314.95,314.95,314.95,0
CS5.MI,12/10/2016,313.6,313.6,313.6,313.6,0
CS5.MI,13/10/2016,311.33,311.33,311.33,311.33,0
CS5.MI,14/10/2016,314.06,314.06,314.06,314.06,0
CS5.MI,17/10/2016,311.55,311.55,311.55,311.55,0
CS5.MI,18/10/2016,314.48,314.48,314.48,314.48,0
CS5.MI,19/10/2016,314.78,314.78,314.78,314.78,0
CS5.MI,20/10/2016,313.45,314.54,313.45,313.69,26
CS5.MI,21/10/2016,314.54,314.54,313.44,314.54,20
CS5.MI,24/10/2016,311.73,311.73,311.73,311.73,0
CS5.MI,25/10/2016,310.45,310.45,310.45,310.45,0
CS5.MI,26/10/2016,308.04,308.1,308.04,308.04,3
CS5.MI,27/10/2016,309.3,309.3,309.3,309.3,0
CS5.MI,28/10/2016,308.18,308.34,308.18,308.18,4
CS5.MI,31/10/2016,307.11,307.11,306.37,307.11,4
CS5.MI,01/11/2016,306.37,306.37,304.17,306.37,50
CS5.MI,02/11/2016,302.63,302.63,302.63,302.63,0
CS5.MI,03/11/2016,301.08,301.08,301.08,301.08,0
CS5.MI,04/11/2016,299.74,299.74,299.74,299.74,0
CS5.MI,07/11/2016,300.84,300.84,300.84,300.84,0
CS5.MI,08/11/2016,302.54,302.54,302.54,302.54,0
CS5.MI,09/11/2016,300.05,300.05,300.05,300.05,0
CS5.MI,10/11/2016,291.79,291.79,291.79,291.79,0
CS5.MI,11/11/2016,292.54,292.54,292.54,292.54,0
CS5.MI,14/11/2016,290.77,290.83,290.77,290.77,634
CS5.MI,15/11/2016,293.35,293.35,293.35,293.35,0
CS5.MI,16/11/2016,294.07,294.07,294.07,294.07,0
CS5.MI,17/11/2016,294.94,294.94,294.94,294.94,0
CS5.MI,18/11/2016,294.43,294.43,294.43,294.43,0
CS5.MI,21/11/2016,294.76,295.05,294.53,295.01,28
CS5.MI,22/11/2016,294.87,294.87,294.23,294.87,15
CS5.MI,23/11/2016,294.28,294.28,294.28,294.28,0
CS5.MI,24/11/2016,294.88,294.88,294,294.88,13
CS5.MI,25/11/2016,295.07,297.72,295.07,297.07,32
CS5.MI,28/11/2016,295.43,297.25,295.43,297.25,12
CS5.MI,29/11/2016,296.05,296.05,296.05,296.05,0
CS5.MI,30/11/2016,297.94,297.94,296.19,297.94,8
CS5.MI,01/12/2016,289.41,289.41,289.41,289.41,0
CS5.MI,02/12/2016,289.85,291.64,289.85,291.57,312
CS5.MI,05/12/2016,295.99,296.18,292.25,295.99,484
CS5.MI,06/12/2016,293.5,293.5,293.22,293.5,32
CS5.MI,07/12/2016,292.34,292.34,292.32,292.34,1
CS5.MI,08/12/2016,295.04,295.04,295.04,295.04,0
CS5.MI,09/12/2016,301.77,301.77,301.77,301.77,0
CS5.MI,12/12/2016,300.24,300.24,300.24,300.24,0
CS5.MI,13/12/2016,305.27,305.27,305.27,305.27,0
CS5.MI,14/12/2016,304.86,304.86,304.27,304.27,59
CS5.MI,15/12/2016,302.29,305.32,302.29,305.32,224
CS5.MI,16/12/2016,304.49,304.49,304.49,304.49,0
CS5.MI,19/12/2016,307.3,307.3,307.3,307.3,0
CS5.MI,20/12/2016,307.85,308.01,307.85,307.85,31
CS5.MI,21/12/2016,307,307,307,307,0
CS5.MI,22/12/2016,306.02,306.32,305.92,305.92,80
CS5.MI,23/12/2016,306.47,306.47,306.47,306.47,0
CS5.MI,27/12/2016,306.88,306.88,306.88,306.88,0
CS5.MI,28/12/2016,306.45,307.43,306.45,306.45,51
CS5.MI,29/12/2016,307,307,307,307,0
CS5.MI,30/12/2016,307.72,307.72,307.72,307.72,0
CS5.MI,02/01/2017,309.97,309.97,309.97,309.97,0
CS5.MI,03/01/2017,307.81,307.81,307.81,307.81,0
CS5.MI,04/01/2017,308.06,308.06,308.06,308.06,0
CS5.MI,05/01/2017,309.14,309.14,309.14,309.14,0
CS5.MI,06/01/2017,308.51,308.51,308.51,308.51,0
CS5.MI,09/01/2017,309.48,309.48,309.48,309.48,0
CS5.MI,10/01/2017,307.63,308.51,307.63,307.63,10
CS5.MI,11/01/2017,310.87,310.87,309.2,310.87,64
CS5.MI,12/01/2017,306.98,308.09,306.98,306.98,5
CS5.MI,13/01/2017,308.91,308.91,308.91,308.91,0
CS5.MI,16/01/2017,308.32,308.32,308.32,308.32,0
CS5.MI,17/01/2017,305.94,305.94,305.94,305.94,0
CS5.MI,18/01/2017,307.74,307.74,307.65,307.65,526
CS5.MI,19/01/2017,308.34,308.74,308.34,308.34,4
CS5.MI,20/01/2017,308.37,308.37,308.37,308.37,0
CS5.MI,23/01/2017,308.45,308.45,308.45,308.45,0
CS5.MI,24/01/2017,308.53,308.61,308.53,308.53,60
CS5.MI,25/01/2017,311.11,311.11,311.11,311.11,0
CS5.MI,26/01/2017,310.25,310.25,310.25,310.25,0
CS5.MI,27/01/2017,311.34,311.34,311.34,311.34,0
CS5.MI,30/01/2017,308.53,308.69,308.53,308.53,1
CS5.MI,31/01/2017,307.07,307.07,307.07,307.07,0
CS5.MI,01/02/2017,309.43,309.43,307.63,309.43,147
CS5.MI,02/02/2017,308.36,308.36,308.36,308.36,0
CS5.MI,03/02/2017,310.94,310.94,310.94,310.94,0
CS5.MI,06/02/2017,309.81,309.81,309.81,309.81,0
CS5.MI,07/02/2017,312.21,312.21,312.21,312.21,0
CS5.MI,08/02/2017,315,317.2,315,315.8,50
CS5.MI,09/02/2017,317.35,317.35,316.93,317.08,292
CS5.MI,10/02/2017,315.32,315.32,315.32,315.32,0
CS5.MI,13/02/2017,317.08,317.08,316.87,317.08,10
CS5.MI,14/02/2017,314.8,314.8,314.8,314.8,0
CS5.MI,15/02/2017,316.06,316.06,316.06,316.06,0
CS5.MI,16/02/2017,315.1,315.1,315.1,315.1,0
CS5.MI,17/02/2017,323.4,323.4,323.4,323.4,0
CS5.MI,20/02/2017,319.65,319.82,319.65,319.65,17
CS5.MI,21/02/2017,321.64,322.51,321.64,321.64,80
CS5.MI,22/02/2017,326.25,326.25,326.25,326.25,0
CS5.MI,23/02/2017,325.14,327.4,325.14,325.14,5
CS5.MI,24/02/2017,326.73,326.73,326.73,326.73,0
CS5.MI,27/02/2017,325.65,325.65,325.65,325.65,7
CS5.MI,28/02/2017,325.69,325.69,325.69,325.69,0
CS5.MI,01/03/2017,326.73,327.4,326.73,326.73,25
CS5.MI,02/03/2017,326.42,326.42,326.42,326.42,0
CS5.MI,03/03/2017,324.92,324.92,324.92,324.92,0
CS5.MI,06/03/2017,324.53,324.59,324.53,324.53,75
CS5.MI,07/03/2017,324.36,324.36,323.74,323.74,175
CS5.MI,08/03/2017,323.87,323.87,323.87,323.87,0
CS5.MI,09/03/2017,322.47,324.46,322.38,324.46,623
CS5.MI,10/03/2017,324,324.94,324,324.94,48
CS5.MI,13/03/2017,325.54,325.54,325.54,325.54,0
CS5.MI,14/03/2017,326.82,326.82,326.82,326.82,0
CS5.MI,15/03/2017,327.53,327.53,327.53,327.53,0
CS5.MI,16/03/2017,329.94,329.94,329.94,329.94,0
CS5.MI,17/03/2017,331.01,331.35,331.01,331.01,7
CS5.MI,20/03/2017,332.32,332.32,332.23,332.3,6
CS5.MI,21/03/2017,331.72,331.72,331.24,331.72,4
CS5.MI,22/03/2017,330.67,330.67,330.67,330.67,0
CS5.MI,23/03/2017,331.52,331.52,331.52,331.52,10
CS5.MI,24/03/2017,331.07,331.07,331.07,331.07,0
CS5.MI,27/03/2017,331.23,331.23,331.23,331.23,0
CS5.MI,28/03/2017,330.59,330.59,330.42,330.59,15
CS5.MI,29/03/2017,332.08,332.08,332.08,332.08,0
CS5.MI,30/03/2017,332.95,333,332.95,332.95,60
CS5.MI,31/03/2017,333.26,333.26,333.26,333.26,0
CS5.MI,03/04/2017,332.88,332.88,332.88,332.88,0
CS5.MI,04/04/2017,332.72,332.82,332.22,332.82,482
CS5.MI,05/04/2017,332.26,332.67,332.26,332.33,28
CS5.MI,06/04/2017,329.9,333.44,329.9,329.9,1
CS5.MI,07/04/2017,334.36,334.63,333.95,334.34,333
CS5.MI,10/04/2017,336.17,336.17,336.17,336.17,0
CS5.MI,11/04/2017,335.89,336.99,335.89,335.89,16
CS5.MI,12/04/2017,338.26,338.69,338.26,338.26,30
CS5.MI,13/04/2017,339.3,339.3,338.76,339.3,8
CS5.MI,18/04/2017,336.94,336.94,336.94,336.94,0
CS5.MI,19/04/2017,334.99,334.99,334.81,334.99,30
CS5.MI,20/04/2017,334.84,334.84,334.84,334.84,0
CS5.MI,21/04/2017,334.28,334.28,334.28,334.28,0
CS5.MI,24/04/2017,336.94,338.08,336.94,336.94,20
CS5.MI,25/04/2017,337,337,337,337,0
CS5.MI,26/04/2017,338.65,338.65,338.65,338.65,0
CS5.MI,27/04/2017,338.25,338.25,338.25,338.25,0
CS5.MI,28/04/2017,336.89,337.33,336.38,336.38,6
CS5.MI,02/05/2017,338.68,338.68,338.68,338.68,0
CS5.MI,03/05/2017,338.13,338.13,338.13,338.13,0
CS5.MI,04/05/2017,341.81,341.81,341.81,341.81,0
CS5.MI,05/05/2017,343.75,343.75,343.75,343.75,0
CS5.MI,08/05/2017,345.39,345.39,345.39,345.39,0
CS5.MI,09/05/2017,345.58,347.69,345.58,345.58,60
CS5.MI,10/05/2017,347.37,348.02,347.37,347.37,5
CS5.MI,11/05/2017,347.53,347.53,347.53,347.53,0
CS5.MI,12/05/2017,347.35,348.66,347.35,347.35,4
CS5.MI,15/05/2017,348.33,348.33,347.87,348.33,5
CS5.MI,16/05/2017,350.37,350.37,350.37,350.37,0
CS5.MI,17/05/2017,350.46,350.46,348.14,350.27,41
CS5.MI,18/05/2017,345.24,345.24,345.24,345.24,0
CS5.MI,19/05/2017,347.28,347.28,347.28,347.28,0
CS5.MI,22/05/2017,340,340,340,340,0
CS5.MI,23/05/2017,349.1,349.1,349.1,349.1,0
CS5.MI,24/05/2017,348.9,348.9,348.9,348.9,0
CS5.MI,25/05/2017,350.12,350.23,350.12,350.12,10
CS5.MI,26/05/2017,350.77,350.77,350.77,350.77,0
CS5.MI,29/05/2017,350.91,350.91,350.91,350.91,0
CS5.MI,30/05/2017,349.65,349.65,349.65,349.65,0
CS5.MI,31/05/2017,350.94,351.02,350.75,351.02,61
CS5.MI,01/06/2017,351.31,351.31,351.31,351.31,0
CS5.MI,02/06/2017,352.45,352.45,352.45,352.45,0
CS5.MI,05/06/2017,352.84,352.84,352.1,352.43,874
CS5.MI,06/06/2017,353.41,353.41,353.1,353.41,9
CS5.MI,07/06/2017,353.41,353.41,351.68,353.41,3
CS5.MI,08/06/2017,351.9,351.98,346.95,351.98,113
CS5.MI,09/06/2017,346.02,346.02,346.02,346.02,0
CS5.MI,12/06/2017,343.41,343.41,343.41,343.41,0
CS5.MI,13/06/2017,348.6,348.6,344.43,348.6,14
CS5.MI,14/06/2017,347.21,347.21,344.64,346.68,10
CS5.MI,15/06/2017,342.86,345.55,342.86,342.86,113
CS5.MI,16/06/2017,347.24,347.24,347.24,347.24,0
CS5.MI,19/06/2017,349.08,349.27,349.08,349.08,7
CS5.MI,20/06/2017,355.5,356.7,349.99,349.99,123
CS5.MI,21/06/2017,349.08,349.08,347.9,349.08,15
CS5.MI,22/06/2017,345.63,345.63,345.63,345.63,0
CS5.MI,23/06/2017,343.92,344.78,343.92,343.92,114
CS5.MI,26/06/2017,350.25,350.25,350.12,350.25,217
CS5.MI,27/06/2017,346.65,346.65,345.68,346.47,549
CS5.MI,28/06/2017,345.51,345.51,345.51,345.51,0
CS5.MI,29/06/2017,343.51,343.51,338.45,343.51,15
CS5.MI,30/06/2017,337.9,337.9,337.9,337.9,0
CS5.MI,03/07/2017,338.63,338.63,338.63,338.63,0
CS5.MI,04/07/2017,337.4,337.4,337.4,337.4,0
CS5.MI,05/07/2017,337.27,337.27,337.27,337.27,0
CS5.MI,06/07/2017,333.9,333.9,331.63,331.63,128
CS5.MI,07/07/2017,333.67,333.83,333.67,333.67,15
CS5.MI,10/07/2017,335.84,335.84,335.84,335.84,0
CS5.MI,11/07/2017,332.18,332.18,332.18,332.18,0
CS5.MI,12/07/2017,338.74,338.74,338.74,338.74,0
CS5.MI,13/07/2017,340.13,340.13,340.13,340.13,0
CS5.MI,14/07/2017,340.71,340.71,340.71,340.71,0
CS5.MI,17/07/2017,341.49,341.49,341.49,341.49,0
CS5.MI,18/07/2017,338.11,338.11,337.85,338.11,117
CS5.MI,19/07/2017,340.48,340.48,340.48,340.48,0
CS5.MI,20/07/2017,340.25,340.25,340.25,340.25,0
CS5.MI,21/07/2017,340.38,340.38,338.02,339,61
CS5.MI,24/07/2017,336.28,336.28,334.86,336.28,33
CS5.MI,25/07/2017,334.34,334.34,334.34,334.34,0
CS5.MI,26/07/2017,336.24,336.24,336.24,336.24,0
CS5.MI,27/07/2017,337.49,337.49,337.49,337.49,0
CS5.MI,28/07/2017,325.29,325.29,325.29,325.29,0
CS5.MI,31/07/2017,328.02,328.02,328.02,328.02,0
CS5.MI,01/08/2017,327.89,329.55,327.86,327.86,32
CS5.MI,02/08/2017,328.3,328.3,328.3,328.3,0
CS5.MI,03/08/2017,329.36,330.6,329.36,329.36,90
CS5.MI,04/08/2017,331.8,334.43,331.74,332.22,349
CS5.MI,07/08/2017,333.63,333.76,333.38,333.38,183
CS5.MI,08/08/2017,333.46,333.7,333.46,333.46,127
CS5.MI,09/08/2017,332.65,332.65,332.65,332.65,0
CS5.MI,10/08/2017,329.6,329.6,328.96,329.6,18
CS5.MI,11/08/2017,326.17,326.17,326.17,326.17,0
CS5.MI,14/08/2017,329.15,329.15,329.15,329.15,0
CS5.MI,16/08/2017,331.52,331.52,331.52,331.52,0
CS5.MI,17/08/2017,331.16,331.16,331.16,331.16,0
CS5.MI,18/08/2017,327.85,327.85,327.85,327.85,0
CS5.MI,21/08/2017,327.59,327.59,327.59,327.59,0
CS5.MI,22/08/2017,329.91,329.91,329.91,329.91,0
CS5.MI,23/08/2017,330,330,328.57,330,2
CS5.MI,24/08/2017,330.67,330.67,329.93,330.16,30
CS5.MI,25/08/2017,327.95,327.95,327.95,327.95,0
CS5.MI,28/08/2017,325.4,325.4,325.4,325.4,0
CS5.MI,29/08/2017,323.56,323.56,323.56,323.56,0
CS5.MI,30/08/2017,325.63,325.82,325.63,325.63,19
CS5.MI,31/08/2017,327.5,327.5,327.5,327.5,0
CS5.MI,01/09/2017,328.44,328.44,328.44,328.44,0
CS5.MI,04/09/2017,326.65,326.65,326.65,326.65,0
CS5.MI,05/09/2017,327.19,327.19,327.19,327.19,0
CS5.MI,06/09/2017,328.05,328.05,328.05,328.05,0
CS5.MI,07/09/2017,329.43,329.43,329.43,329.43,0
CS5.MI,08/09/2017,330.52,330.52,330.52,330.52,0
CS5.MI,11/09/2017,331.62,331.62,331.62,331.62,0
CS5.MI,12/09/2017,330.82,330.82,330.82,330.82,0
CS5.MI,13/09/2017,331.01,331.01,331.01,331.01,0
CS5.MI,14/09/2017,331.5,331.5,330.13,331.5,5
CS5.MI,15/09/2017,329.75,329.75,329.61,329.75,30
CS5.MI,18/09/2017,329.82,329.82,329.82,329.82,0
CS5.MI,19/09/2017,328.15,328.15,328.15,328.15,0
CS5.MI,20/09/2017,325.59,325.59,325.59,325.59,0
CS5.MI,21/09/2017,324.56,324.56,323.65,324.46,423
CS5.MI,22/09/2017,323.88,323.88,323.88,323.88,0
CS5.MI,25/09/2017,326.35,326.69,326.35,326.35,18
CS5.MI,26/09/2017,328.98,328.98,328.98,328.98,0
CS5.MI,27/09/2017,328.49,328.49,328.49,328.49,0
CS5.MI,28/09/2017,327.16,327.38,327,327,40
CS5.MI,29/09/2017,327.5,328.55,327.5,327.81,26
CS5.MI,02/10/2017,330.31,330.61,330.31,330.31,32
CS5.MI,03/10/2017,331.92,331.92,331.92,331.92,0
CS5.MI,04/10/2017,332.52,332.52,332.52,332.52,0
CS5.MI,05/10/2017,332.85,332.85,332.68,332.85,1
CS5.MI,06/10/2017,332.32,332.32,331.04,332.32,3
CS5.MI,09/10/2017,327.34,332.96,327.34,332.65,60
